 0.106410E-01  0.135156E+04  0.183645E+02
 0.112500E-01  0.133768E+04  0.998913E+01
 0.118580E-01  0.131272E+04  0.482780E+01
 0.124660E-01  0.129797E+04  0.675997E+01
 0.130740E-01  0.127896E+04  0.877645E+01
 0.136820E-01  0.125673E+04  0.713968E+01
 0.142900E-01  0.123306E+04  0.862487E+01
 0.148980E-01  0.120220E+04  0.122755E+02
 0.155060E-01  0.118201E+04  0.778276E+01
 0.161140E-01  0.115293E+04  0.707298E+01
 0.167220E-01  0.112519E+04  0.627886E+01
 0.173300E-01  0.109680E+04  0.537757E+01
 0.179380E-01  0.107207E+04  0.541156E+01
 0.185460E-01  0.104272E+04  0.528515E+01
 0.191550E-01  0.102261E+04  0.460437E+01
 0.197630E-01  0.996099E+03  0.466943E+01
 0.203710E-01  0.972071E+03  0.426005E+01
 0.209790E-01  0.949130E+03  0.548505E+01
 0.215870E-01  0.922717E+03  0.464644E+01
 0.221950E-01  0.892288E+03  0.556987E+01
 0.228030E-01  0.873035E+03  0.435974E+01
 0.234110E-01  0.850612E+03  0.403826E+01
 0.240190E-01  0.826523E+03  0.355906E+01
 0.246270E-01  0.805853E+03  0.365030E+01
 0.252350E-01  0.783423E+03  0.295284E+01
 0.258430E-01  0.761567E+03  0.312046E+01
 0.264520E-01  0.741700E+03  0.294267E+01
 0.270600E-01  0.720171E+03  0.305862E+01
 0.276680E-01  0.701242E+03  0.282558E+01
 0.282760E-01  0.679603E+03  0.295525E+01
 0.288840E-01  0.661595E+03  0.263949E+01
 0.294920E-01  0.642617E+03  0.264266E+01
 0.301000E-01  0.627132E+03  0.269708E+01
 0.307080E-01  0.611452E+03  0.218465E+01
 0.313160E-01  0.591859E+03  0.244873E+01
 0.319240E-01  0.579280E+03  0.227694E+01
 0.325320E-01  0.562544E+03  0.243870E+01
 0.331400E-01  0.546920E+03  0.224184E+01
 0.337480E-01  0.530588E+03  0.224097E+01
 0.343570E-01  0.516595E+03  0.200947E+01
 0.349650E-01  0.501254E+03  0.201493E+01
 0.355730E-01  0.489609E+03  0.177009E+01
 0.361810E-01  0.474830E+03  0.180926E+01
 0.367890E-01  0.463349E+03  0.175195E+01
 0.373970E-01  0.450770E+03  0.185829E+01
 0.380050E-01  0.438567E+03  0.178781E+01
 0.386130E-01  0.425865E+03  0.162236E+01
 0.392210E-01  0.413909E+03  0.155392E+01
 0.398290E-01  0.402589E+03  0.151768E+01
 0.404370E-01  0.390447E+03  0.148831E+01
 0.410450E-01  0.379743E+03  0.131178E+01
 0.416540E-01  0.368816E+03  0.126634E+01
 0.422620E-01  0.359542E+03  0.124783E+01
 0.428700E-01  0.348668E+03  0.125744E+01
 0.434780E-01  0.339925E+03  0.119303E+01
 0.440860E-01  0.329417E+03  0.130512E+01
 0.446940E-01  0.320454E+03  0.108562E+01
 0.453020E-01  0.311053E+03  0.115621E+01
 0.459100E-01  0.298022E+03  0.151623E+01
 0.465180E-01  0.293468E+03  0.726691E+00
 0.471260E-01  0.285893E+03  0.663581E+00
 0.477340E-01  0.277535E+03  0.681114E+00
 0.483420E-01  0.269996E+03  0.630941E+00
 0.489500E-01  0.261875E+03  0.646148E+00
 0.495590E-01  0.254798E+03  0.657432E+00
 0.501670E-01  0.247598E+03  0.599636E+00
 0.507750E-01  0.240281E+03  0.577921E+00
 0.513830E-01  0.233417E+03  0.608205E+00
 0.519910E-01  0.227368E+03  0.560652E+00
 0.525990E-01  0.221455E+03  0.508171E+00
 0.532070E-01  0.214684E+03  0.538178E+00
 0.538150E-01  0.209849E+03  0.516068E+00
 0.544230E-01  0.203514E+03  0.489838E+00
 0.550310E-01  0.197901E+03  0.478006E+00
 0.556390E-01  0.192118E+03  0.456551E+00
 0.562470E-01  0.186533E+03  0.467255E+00
 0.568550E-01  0.180937E+03  0.458289E+00
 0.574630E-01  0.175412E+03  0.445444E+00
 0.580720E-01  0.170198E+03  0.449076E+00
 0.586800E-01  0.165746E+03  0.462748E+00
 0.592880E-01  0.161400E+03  0.481977E+00
 0.598960E-01  0.156724E+03  0.478213E+00
 0.605040E-01  0.152538E+03  0.485767E+00
 0.611120E-01  0.147992E+03  0.481760E+00
 0.617200E-01  0.144071E+03  0.433209E+00
 0.623280E-01  0.139649E+03  0.444161E+00
 0.629360E-01  0.135855E+03  0.404401E+00
 0.635440E-01  0.131688E+03  0.407024E+00
 0.641520E-01  0.128209E+03  0.377279E+00
 0.647600E-01  0.124132E+03  0.383610E+00
 0.653680E-01  0.120790E+03  0.346317E+00
 0.659770E-01  0.117333E+03  0.347549E+00
 0.665850E-01  0.113955E+03  0.324612E+00
 0.671930E-01  0.110747E+03  0.338856E+00
 0.678010E-01  0.107579E+03  0.334617E+00
 0.684090E-01  0.104506E+03  0.325016E+00
 0.690170E-01  0.101234E+03  0.305768E+00
 0.696250E-01  0.983850E+02  0.318947E+00
 0.702330E-01  0.955768E+02  0.293054E+00
 0.708410E-01  0.926526E+02  0.295061E+00
 0.714490E-01  0.897752E+02  0.325578E+00
 0.720570E-01  0.874031E+02  0.298164E+00
 0.726650E-01  0.847717E+02  0.289682E+00
 0.732730E-01  0.823310E+02  0.262099E+00
 0.738810E-01  0.798259E+02  0.272169E+00
 0.744900E-01  0.776798E+02  0.234214E+00
 0.750980E-01  0.753656E+02  0.264566E+00
 0.757060E-01  0.734508E+02  0.233240E+00
 0.763140E-01  0.710942E+02  0.224267E+00
 0.769220E-01  0.693882E+02  0.226776E+00
 0.775300E-01  0.674165E+02  0.221261E+00
 0.781380E-01  0.656146E+02  0.210184E+00
 0.787460E-01  0.638298E+02  0.216160E+00
 0.793540E-01  0.622042E+02  0.205208E+00
 0.799620E-01  0.604355E+02  0.188308E+00
 0.805700E-01  0.588689E+02  0.189084E+00
 0.811780E-01  0.572465E+02  0.171947E+00
 0.817860E-01  0.555873E+02  0.168935E+00
 0.823940E-01  0.541607E+02  0.172243E+00
 0.830020E-01  0.527273E+02  0.166865E+00
 0.836110E-01  0.514450E+02  0.158702E+00
 0.842190E-01  0.502187E+02  0.170035E+00
 0.848270E-01  0.489221E+02  0.148990E+00
 0.854350E-01  0.476930E+02  0.142639E+00
 0.860430E-01  0.463132E+02  0.148787E+00
 0.866510E-01  0.452971E+02  0.143711E+00
 0.872590E-01  0.441937E+02  0.133310E+00
 0.878670E-01  0.433291E+02  0.139654E+00
 0.884750E-01  0.422670E+02  0.128971E+00
 0.890830E-01  0.413067E+02  0.137743E+00
 0.896910E-01  0.404036E+02  0.138089E+00
 0.902990E-01  0.395792E+02  0.132262E+00
 0.909070E-01  0.387485E+02  0.133691E+00
 0.915150E-01  0.378949E+02  0.126353E+00
 0.921230E-01  0.371713E+02  0.125534E+00
 0.927320E-01  0.363853E+02  0.123492E+00
 0.933400E-01  0.357131E+02  0.119934E+00
 0.939480E-01  0.350162E+02  0.113039E+00
 0.945560E-01  0.341073E+02  0.114014E+00
 0.951640E-01  0.334395E+02  0.116487E+00
 0.957720E-01  0.328095E+02  0.113120E+00
 0.963800E-01  0.321428E+02  0.113340E+00
 0.969880E-01  0.316387E+02  0.109425E+00
 0.975960E-01  0.309858E+02  0.108877E+00
 0.982040E-01  0.304676E+02  0.113936E+00
 0.988120E-01  0.297856E+02  0.119901E+00
 0.994200E-01  0.293544E+02  0.113499E+00
 0.100028E+00  0.286470E+02  0.117187E+00
 0.100636E+00  0.282595E+02  0.113883E+00
 0.101244E+00  0.276541E+02  0.115094E+00
 0.101852E+00  0.270733E+02  0.110586E+00
 0.102461E+00  0.265706E+02  0.116175E+00
 0.103069E+00  0.260456E+02  0.106983E+00
 0.103677E+00  0.255321E+02  0.108803E+00
 0.104285E+00  0.251367E+02  0.106205E+00
 0.104893E+00  0.246943E+02  0.104999E+00
 0.105501E+00  0.242402E+02  0.107383E+00
 0.106109E+00  0.238065E+02  0.105822E+00
 0.106717E+00  0.232430E+02  0.967430E-01
 0.107325E+00  0.227866E+02  0.980107E-01
 0.107933E+00  0.224966E+02  0.107144E+00
 0.108541E+00  0.220773E+02  0.988342E-01
 0.109149E+00  0.218129E+02  0.104348E+00
 0.109757E+00  0.214324E+02  0.103316E+00
 0.110365E+00  0.210056E+02  0.981734E-01
 0.110973E+00  0.206750E+02  0.914156E-01
 0.111581E+00  0.202448E+02  0.984892E-01
 0.112189E+00  0.199379E+02  0.986328E-01
 0.112798E+00  0.195483E+02  0.975832E-01
 0.113406E+00  0.191471E+02  0.101183E+00
 0.114014E+00  0.188743E+02  0.937264E-01
 0.114622E+00  0.184096E+02  0.985907E-01
 0.115230E+00  0.180220E+02  0.949033E-01
 0.115838E+00  0.176577E+02  0.900782E-01
 0.116446E+00  0.175192E+02  0.954064E-01
 0.117054E+00  0.171513E+02  0.892324E-01
 0.117662E+00  0.168162E+02  0.906782E-01
 0.118270E+00  0.164963E+02  0.885258E-01
 0.118878E+00  0.162562E+02  0.914441E-01
 0.119486E+00  0.158874E+02  0.869857E-01
 0.120094E+00  0.155693E+02  0.844680E-01
 0.120702E+00  0.151511E+02  0.811024E-01
 0.121310E+00  0.148433E+02  0.813169E-01
 0.121918E+00  0.146911E+02  0.896667E-01
 0.122526E+00  0.142856E+02  0.861800E-01
 0.123134E+00  0.141302E+02  0.811942E-01
 0.123742E+00  0.139021E+02  0.855314E-01
 0.124351E+00  0.136885E+02  0.852996E-01
 0.124959E+00  0.133017E+02  0.829021E-01
 0.125567E+00  0.130555E+02  0.832600E-01
 0.126175E+00  0.126280E+02  0.860592E-01
 0.126783E+00  0.124885E+02  0.817629E-01
 0.127391E+00  0.122373E+02  0.788651E-01
 0.127999E+00  0.119867E+02  0.818933E-01
 0.128607E+00  0.117126E+02  0.837108E-01
 0.129215E+00  0.113787E+02  0.823949E-01
 0.129823E+00  0.110739E+02  0.850465E-01
 0.130431E+00  0.108632E+02  0.793671E-01
 0.131039E+00  0.105763E+02  0.779574E-01
 0.131647E+00  0.104758E+02  0.784691E-01
 0.132255E+00  0.101873E+02  0.796446E-01
 0.132863E+00  0.994994E+01  0.814727E-01
 0.133471E+00  0.968613E+01  0.854272E-01
 0.134079E+00  0.959194E+01  0.806790E-01
 0.134687E+00  0.947154E+01  0.851364E-01
 0.135295E+00  0.907235E+01  0.830717E-01
 0.135903E+00  0.896394E+01  0.820185E-01
 0.136511E+00  0.871251E+01  0.793082E-01
 0.137119E+00  0.845226E+01  0.810644E-01
 0.137728E+00  0.824423E+01  0.757848E-01
 0.138336E+00  0.793066E+01  0.806903E-01
 0.138944E+00  0.785086E+01  0.805221E-01
 0.139552E+00  0.766616E+01  0.784520E-01
 0.140160E+00  0.759041E+01  0.808528E-01
 0.140768E+00  0.741220E+01  0.793865E-01
 0.141376E+00  0.735211E+01  0.782000E-01
 0.141984E+00  0.712168E+01  0.795229E-01
 0.142592E+00  0.694624E+01  0.797138E-01
 0.143200E+00  0.663057E+01  0.799285E-01
 0.143808E+00  0.653933E+01  0.823567E-01
 0.144416E+00  0.634589E+01  0.772185E-01
 0.145024E+00  0.627180E+01  0.766964E-01
 0.145632E+00  0.611946E+01  0.739321E-01
 0.146240E+00  0.594744E+01  0.794849E-01
 0.146848E+00  0.587459E+01  0.753634E-01
 0.147456E+00  0.569186E+01  0.776272E-01
 0.148064E+00  0.554681E+01  0.807615E-01
 0.148672E+00  0.543214E+01  0.766085E-01
 0.149280E+00  0.522268E+01  0.726475E-01
 0.149888E+00  0.511578E+01  0.680277E-01
 0.150496E+00  0.496352E+01  0.702986E-01
 0.151104E+00  0.479084E+01  0.715356E-01
 0.151712E+00  0.462897E+01  0.689936E-01
 0.152320E+00  0.454279E+01  0.712718E-01
 0.152928E+00  0.445328E+01  0.734499E-01
 0.153537E+00  0.436873E+01  0.780738E-01
 0.154145E+00  0.426722E+01  0.745990E-01
 0.154753E+00  0.415090E+01  0.710259E-01
 0.155361E+00  0.415637E+01  0.714937E-01
 0.155969E+00  0.396086E+01  0.689449E-01
 0.156577E+00  0.396203E+01  0.702025E-01
 0.157185E+00  0.392114E+01  0.696926E-01
 0.157793E+00  0.385503E+01  0.709554E-01
 0.158401E+00  0.367720E+01  0.694077E-01
 0.159009E+00  0.365908E+01  0.694397E-01
 0.159617E+00  0.357839E+01  0.699304E-01
 0.160225E+00  0.340794E+01  0.684013E-01
 0.160833E+00  0.337422E+01  0.678538E-01
 0.161441E+00  0.329126E+01  0.686549E-01
 0.162049E+00  0.324848E+01  0.701202E-01
 0.162657E+00  0.312777E+01  0.687618E-01
 0.163265E+00  0.301985E+01  0.639443E-01
 0.163873E+00  0.298782E+01  0.669422E-01
 0.164481E+00  0.304254E+01  0.707377E-01
 0.165089E+00  0.300345E+01  0.687348E-01
 0.165697E+00  0.293913E+01  0.734654E-01
 0.166305E+00  0.291604E+01  0.700167E-01
 0.166913E+00  0.284762E+01  0.663828E-01
 0.167521E+00  0.287426E+01  0.674445E-01
 0.168129E+00  0.283288E+01  0.685116E-01
 0.168737E+00  0.270847E+01  0.636361E-01
 0.169345E+00  0.273442E+01  0.672221E-01
 0.169953E+00  0.271645E+01  0.649540E-01
 0.170561E+00  0.259473E+01  0.672705E-01
 0.171169E+00  0.259108E+01  0.688242E-01
 0.171777E+00  0.248297E+01  0.671707E-01
 0.172385E+00  0.248500E+01  0.665230E-01
 0.172993E+00  0.242636E+01  0.674899E-01
 0.173601E+00  0.251271E+01  0.654710E-01
 0.174209E+00  0.241595E+01  0.680205E-01
 0.174817E+00  0.237001E+01  0.690773E-01
 0.175425E+00  0.243544E+01  0.656648E-01
 0.176033E+00  0.239186E+01  0.652642E-01
 0.176641E+00  0.236410E+01  0.668913E-01
 0.177250E+00  0.233428E+01  0.717916E-01
 0.177858E+00  0.225096E+01  0.651010E-01
 0.178466E+00  0.211995E+01  0.666113E-01
 0.179074E+00  0.223622E+01  0.636633E-01
 0.179682E+00  0.221988E+01  0.658119E-01
 0.180290E+00  0.218591E+01  0.641116E-01
 0.180898E+00  0.219265E+01  0.656707E-01
 0.181506E+00  0.217297E+01  0.621259E-01
 0.182114E+00  0.214168E+01  0.633645E-01
 0.182722E+00  0.215685E+01  0.653282E-01
 0.183330E+00  0.211828E+01  0.652393E-01
 0.183938E+00  0.226927E+01  0.638265E-01
 0.184546E+00  0.218539E+01  0.653960E-01
 0.185154E+00  0.219732E+01  0.636782E-01
 0.185762E+00  0.220152E+01  0.638610E-01
 0.186370E+00  0.215050E+01  0.640201E-01
 0.186978E+00  0.219003E+01  0.618096E-01
 0.187586E+00  0.215084E+01  0.647846E-01
 0.188194E+00  0.218688E+01  0.608770E-01
 0.188802E+00  0.216059E+01  0.613251E-01
 0.189410E+00  0.207008E+01  0.637671E-01
 0.190018E+00  0.203245E+01  0.646156E-01
 0.190626E+00  0.211138E+01  0.654921E-01
 0.191234E+00  0.208861E+01  0.622968E-01
 0.191842E+00  0.207926E+01  0.650938E-01
 0.192450E+00  0.207969E+01  0.791590E-01
 0.193058E+00  0.206775E+01  0.839660E-01
 0.193666E+00  0.205686E+01  0.665509E-01
 0.194274E+00  0.206108E+01  0.619505E-01
 0.194882E+00  0.199963E+01  0.645914E-01
 0.195490E+00  0.196449E+01  0.633145E-01
 0.196098E+00  0.194593E+01  0.602776E-01
 0.196706E+00  0.205450E+01  0.606691E-01
 0.197314E+00  0.204807E+01  0.596247E-01
 0.197922E+00  0.202402E+01  0.587675E-01
 0.198530E+00  0.199024E+01  0.577240E-01
 0.199138E+00  0.197680E+01  0.608345E-01
 0.199746E+00  0.200077E+01  0.630138E-01
 0.200354E+00  0.206132E+01  0.697938E-01
 0.200962E+00  0.201275E+01  0.859719E-01
 0.201570E+00  0.201350E+01  0.615092E-01
 0.202178E+00  0.195327E+01  0.598286E-01
 0.202786E+00  0.185914E+01  0.611814E-01
 0.203394E+00  0.186731E+01  0.621580E-01
 0.204002E+00  0.184729E+01  0.631268E-01
 0.204610E+00  0.184811E+01  0.614904E-01
 0.205218E+00  0.183174E+01  0.610573E-01
 0.205826E+00  0.189014E+01  0.634569E-01
 0.206434E+00  0.176947E+01  0.622241E-01
 0.207042E+00  0.182678E+01  0.612886E-01
 0.207650E+00  0.175323E+01  0.595569E-01
 0.208258E+00  0.176222E+01  0.609556E-01
 0.208866E+00  0.172814E+01  0.593532E-01
 0.209474E+00  0.169784E+01  0.598922E-01
 0.210082E+00  0.168194E+01  0.595985E-01
 0.210690E+00  0.162991E+01  0.586622E-01
 0.211298E+00  0.168895E+01  0.582636E-01
 0.211906E+00  0.175015E+01  0.596251E-01
 0.212514E+00  0.175753E+01  0.591000E-01
 0.213122E+00  0.180162E+01  0.620040E-01
 0.213730E+00  0.181002E+01  0.577453E-01
 0.214338E+00  0.183145E+01  0.546345E-01
 0.214946E+00  0.182352E+01  0.555652E-01
 0.215554E+00  0.180279E+01  0.549565E-01
 0.216162E+00  0.171777E+01  0.577654E-01
 0.216770E+00  0.169362E+01  0.590465E-01
 0.217378E+00  0.165993E+01  0.561375E-01
 0.217986E+00  0.162591E+01  0.551036E-01
 0.218594E+00  0.163905E+01  0.547726E-01
 0.219202E+00  0.157770E+01  0.561281E-01
 0.219810E+00  0.160252E+01  0.575189E-01
 0.220418E+00  0.173607E+01  0.584285E-01
 0.221025E+00  0.174515E+01  0.589220E-01
 0.221633E+00  0.174307E+01  0.564033E-01
 0.222241E+00  0.171417E+01  0.568870E-01
 0.222849E+00  0.158077E+01  0.525558E-01
 0.223457E+00  0.148643E+01  0.548598E-01
 0.224065E+00  0.153800E+01  0.571270E-01
 0.224673E+00  0.157879E+01  0.556674E-01
 0.225281E+00  0.165202E+01  0.544354E-01
 0.225889E+00  0.170829E+01  0.582113E-01
 0.226497E+00  0.161210E+01  0.557378E-01
 0.227105E+00  0.164304E+01  0.547537E-01
 0.227713E+00  0.159602E+01  0.552815E-01
 0.228321E+00  0.154044E+01  0.540274E-01
 0.228929E+00  0.164985E+01  0.564736E-01
 0.229537E+00  0.163672E+01  0.577612E-01
 0.230145E+00  0.174552E+01  0.536265E-01
 0.230753E+00  0.165646E+01  0.538734E-01
 0.231361E+00  0.170867E+01  0.562914E-01
 0.231969E+00  0.166991E+01  0.549922E-01
 0.232577E+00  0.162433E+01  0.568062E-01
 0.233185E+00  0.153489E+01  0.547363E-01
 0.233793E+00  0.156091E+01  0.511886E-01
 0.234401E+00  0.153576E+01  0.515662E-01
 0.235009E+00  0.159093E+01  0.527405E-01
 0.235617E+00  0.159474E+01  0.509939E-01
 0.236225E+00  0.162995E+01  0.531859E-01
 0.236833E+00  0.162579E+01  0.533499E-01
 0.237441E+00  0.163969E+01  0.524043E-01
 0.238049E+00  0.159950E+01  0.516086E-01
 0.238657E+00  0.160521E+01  0.529052E-01
 0.239265E+00  0.161367E+01  0.543278E-01
 0.239873E+00  0.163855E+01  0.529951E-01
 0.240481E+00  0.162957E+01  0.554063E-01
 0.241089E+00  0.162036E+01  0.507951E-01
 0.241697E+00  0.161655E+01  0.543625E-01
 0.242304E+00  0.162410E+01  0.529680E-01
 0.242912E+00  0.169182E+01  0.510747E-01
 0.243520E+00  0.166882E+01  0.524559E-01
 0.244128E+00  0.165888E+01  0.551860E-01
 0.244736E+00  0.161303E+01  0.539421E-01
 0.245344E+00  0.164671E+01  0.532595E-01
 0.245952E+00  0.165182E+01  0.521498E-01
 0.246560E+00  0.165275E+01  0.501752E-01
 0.247168E+00  0.169342E+01  0.511496E-01
 0.247776E+00  0.168271E+01  0.529424E-01
 0.248384E+00  0.164021E+01  0.521723E-01
 0.248992E+00  0.163691E+01  0.552000E-01
 0.249600E+00  0.165537E+01  0.582809E-01
 0.250208E+00  0.166092E+01  0.553687E-01
 0.250816E+00  0.164761E+01  0.549726E-01
 0.251424E+00  0.166360E+01  0.542374E-01
 0.252032E+00  0.168337E+01  0.551878E-01
 0.252640E+00  0.170468E+01  0.540862E-01
 0.253248E+00  0.167971E+01  0.550754E-01
 0.253856E+00  0.171315E+01  0.523605E-01
 0.254464E+00  0.166436E+01  0.513263E-01
 0.255072E+00  0.175848E+01  0.534075E-01
 0.255679E+00  0.179167E+01  0.526130E-01
 0.256287E+00  0.175097E+01  0.540328E-01
 0.256895E+00  0.177666E+01  0.555306E-01
 0.257503E+00  0.178833E+01  0.540107E-01
 0.258111E+00  0.174318E+01  0.542839E-01
 0.258719E+00  0.174901E+01  0.536999E-01
 0.259327E+00  0.180958E+01  0.520191E-01
 0.259935E+00  0.184841E+01  0.509344E-01
 0.260543E+00  0.181306E+01  0.505229E-01
 0.261151E+00  0.186735E+01  0.578330E-01
 0.261759E+00  0.183719E+01  0.844137E-01
 0.262367E+00  0.178789E+01  0.578240E-01
 0.262975E+00  0.176603E+01  0.532534E-01
 0.263583E+00  0.179995E+01  0.537228E-01
 0.264191E+00  0.177465E+01  0.536573E-01
 0.264799E+00  0.170886E+01  0.573005E-01
 0.265407E+00  0.174301E+01  0.610647E-01
 0.266014E+00  0.177555E+01  0.524317E-01
 0.266622E+00  0.170859E+01  0.523152E-01
 0.267230E+00  0.181330E+01  0.510861E-01
 0.267838E+00  0.182276E+01  0.485584E-01
 0.268446E+00  0.182108E+01  0.493107E-01
 0.269054E+00  0.178516E+01  0.501229E-01
 0.269662E+00  0.174071E+01  0.502630E-01
 0.270270E+00  0.171145E+01  0.501396E-01
 0.270878E+00  0.171187E+01  0.506302E-01
 0.271486E+00  0.174749E+01  0.502000E-01
 0.272094E+00  0.174976E+01  0.502069E-01
 0.272702E+00  0.173502E+01  0.476909E-01
 0.273310E+00  0.170927E+01  0.491938E-01
 0.273918E+00  0.173352E+01  0.508614E-01
 0.274526E+00  0.178359E+01  0.502854E-01
 0.275133E+00  0.175698E+01  0.509662E-01
 0.275741E+00  0.178087E+01  0.518428E-01
 0.276349E+00  0.180360E+01  0.504648E-01
 0.276957E+00  0.176358E+01  0.517711E-01
 0.277565E+00  0.179976E+01  0.486277E-01
 0.278173E+00  0.181238E+01  0.483989E-01
 0.278781E+00  0.186826E+01  0.472906E-01
 0.279389E+00  0.184786E+01  0.491590E-01
 0.279997E+00  0.188693E+01  0.486806E-01
 0.280605E+00  0.186284E+01  0.491052E-01
 0.281213E+00  0.183178E+01  0.489793E-01
 0.281821E+00  0.185555E+01  0.475226E-01
 0.282429E+00  0.186215E+01  0.496456E-01
 0.283036E+00  0.179620E+01  0.474044E-01
 0.283644E+00  0.183845E+01  0.479948E-01
 0.284252E+00  0.187916E+01  0.486922E-01
 0.284860E+00  0.187849E+01  0.474189E-01
 0.285468E+00  0.187842E+01  0.458427E-01
 0.286076E+00  0.191587E+01  0.461086E-01
 0.286684E+00  0.180691E+01  0.469592E-01
 0.287292E+00  0.181917E+01  0.455059E-01
 0.287900E+00  0.185618E+01  0.477987E-01
 0.288508E+00  0.182370E+01  0.449344E-01
 0.289116E+00  0.185216E+01  0.450355E-01
 0.289723E+00  0.180734E+01  0.459775E-01
 0.290331E+00  0.180772E+01  0.454582E-01
 0.290939E+00  0.180801E+01  0.463775E-01
 0.291547E+00  0.178284E+01  0.469590E-01
 0.292155E+00  0.176830E+01  0.462594E-01
 0.292763E+00  0.181636E+01  0.470419E-01
 0.293371E+00  0.184249E+01  0.487021E-01
 0.293979E+00  0.185338E+01  0.464276E-01
 0.294587E+00  0.182017E+01  0.449852E-01
 0.295195E+00  0.182239E+01  0.457931E-01
 0.295803E+00  0.183171E+01  0.460652E-01
 0.296410E+00  0.175640E+01  0.441303E-01
 0.297018E+00  0.177479E+01  0.458829E-01
 0.297626E+00  0.173098E+01  0.436389E-01
 0.298234E+00  0.169739E+01  0.430300E-01
 0.298842E+00  0.172904E+01  0.448064E-01
 0.299450E+00  0.171053E+01  0.433546E-01
 0.300058E+00  0.172161E+01  0.428981E-01
 0.300666E+00  0.174270E+01  0.439599E-01
 0.301274E+00  0.173736E+01  0.448472E-01
 0.301881E+00  0.166220E+01  0.438180E-01
 0.302489E+00  0.171480E+01  0.428257E-01
 0.303097E+00  0.162375E+01  0.416628E-01
 0.303705E+00  0.160417E+01  0.426289E-01
 0.304313E+00  0.163333E+01  0.428576E-01
 0.304921E+00  0.163943E+01  0.442180E-01
 0.305529E+00  0.165997E+01  0.460215E-01
 0.306137E+00  0.163186E+01  0.439627E-01
 0.306745E+00  0.171941E+01  0.434063E-01
 0.307353E+00  0.167677E+01  0.444998E-01
 0.307960E+00  0.166014E+01  0.427900E-01
 0.308568E+00  0.164541E+01  0.431889E-01
 0.309176E+00  0.173501E+01  0.426502E-01
 0.309784E+00  0.175365E+01  0.431346E-01
 0.310392E+00  0.168764E+01  0.426129E-01
 0.311000E+00  0.164888E+01  0.452107E-01
 0.311608E+00  0.164845E+01  0.462811E-01
 0.312216E+00  0.164702E+01  0.456856E-01
 0.312823E+00  0.162954E+01  0.496144E-01
 0.313431E+00  0.165096E+01  0.516370E-01
 0.314039E+00  0.164447E+01  0.516384E-01
 0.314647E+00  0.168473E+01  0.505442E-01
 0.315255E+00  0.165336E+01  0.528297E-01
 0.315863E+00  0.165079E+01  0.558538E-01
 0.316471E+00  0.165156E+01  0.565159E-01
 0.317079E+00  0.157180E+01  0.607513E-01
 0.317686E+00  0.154959E+01  0.630123E-01
 0.318294E+00  0.154418E+01  0.654853E-01
 0.318902E+00  0.146515E+01  0.691721E-01
 0.319510E+00  0.156982E+01  0.674070E-01
