0.016   0.99502 0.99858
0.032   0.99024 0.99495
0.048   0.98582 0.99042
0.064   0.98432 0.98608
0.08    0.98357 0.98231
0.096   0.97464 0.97912
0.112   0.97051 0.97647
0.128   0.96755 0.97435
0.144   0.97455 0.97262
0.16    0.97769 0.97106
0.176   0.96878 0.96954
0.192   0.96289 0.96805
0.208   0.96686 0.96664
0.224   0.97081 0.96535
0.24    0.96346 0.96422
0.256   0.96148 0.96324
0.272   0.96484 0.96239
0.288   0.96818 0.9616
0.304   0.96786 0.96081
0.32    0.96002 0.96004
0.336   0.95617 0.95929
0.352   0.95643 0.9586
0.368   0.96038 0.95797
0.384   0.96137 0.95743
0.4     0.96128 0.95694
0.416   0.95642 0.95648
0.432   0.95921 0.95602
0.448   0.95403 0.95557
0.464   0.95672 0.95512
0.48    0.95857 0.9547
0.496   0.95933 0.95432
0.512   0.95481 0.95399
0.528   0.95272 0.9537
0.544   0.95403 0.95341
0.56    0.95224 0.95313
0.576   0.95421 0.95284
0.592   0.9565  0.95255
0.608   0.95616 0.95228
0.624   0.95001 0.95204
0.64    0.95175 0.95184
0.656   0.95804 0.95165
0.672   0.9506  0.95147
0.688   0.94842 0.95128
0.704   0.95454 0.95109
0.72    0.95325 0.9509
0.736   0.9497  0.95072
0.752   0.94973 0.95057
0.768   0.95071 0.95043
0.784   0.95186 0.95031
0.8     0.95079 0.95019
0.816   0.94652 0.95007
0.832   0.94636 0.94994
0.848   0.94829 0.94981
0.864   0.95334 0.94969
0.88    0.94712 0.94958
0.896   0.947   0.94949
0.912   0.94833 0.94942
0.928   0.94791 0.94934
0.944   0.94589 0.94925
0.96    0.94606 0.94916
0.976   0.94888 0.94907
0.992   0.94743 0.94899
1.008   0.94391 0.94892
1.024   0.94541 0.94886
1.04    0.94884 0.94881
1.056   0.9481  0.94876
1.072   0.94982 0.9487
1.088   0.9478  0.94864
1.104   0.94785 0.94858
1.12    0.94834 0.94852
1.136   0.94804 0.94847
1.152   0.948   0.94844
1.168   0.94306 0.94841
1.184   0.9443  0.94837
1.2     0.94959 0.94833
1.216   0.94773 0.94829
1.232   0.95005 0.94824
1.248   0.94948 0.9482
1.264   0.94519 0.94817
1.28    0.94623 0.94815
1.296   0.94356 0.94813
1.312   0.94427 0.94811
1.328   0.94462 0.94808
1.344   0.95143 0.94805
1.36    0.95085 0.94802
1.376   0.94554 0.94799
1.392   0.94638 0.94797
1.408   0.94951 0.94796
1.424   0.95323 0.94795
1.44    0.94594 0.94794
1.456   0.94455 0.94792
1.472   0.94919 0.94789
1.488   0.94924 0.94787
1.504   0.95187 0.94785
1.52    0.9477  0.94784
1.536   0.94099 0.94783
1.552   0.94418 0.94783
1.568   0.945   0.94783
1.584   0.94413 0.94781
1.6     0.94513 0.94779
1.616   0.94199 0.94778
1.632   0.94909 0.94777
1.648   0.95086 0.94776
1.664   0.95103 0.94775
1.68    0.94913 0.94776
1.696   0.94313 0.94776
1.712   0.95216 0.94775
1.728   0.94513 0.94773
1.744   0.94565 0.94772
1.76    0.94923 0.94772
1.776   0.94772 0.94771
1.792   0.94939 0.94771
1.808   0.94503 0.94772
1.824   0.9459  0.94772
1.84    0.95136 0.94772
1.856   0.95042 0.9477
1.872   0.94992 0.94769
1.888   0.94818 0.94769
1.904   0.94465 0.94769
1.92    0.94585 0.9477
1.936   0.94361 0.9477
1.952   0.94938 0.9477
1.968   0.94585 0.9477
1.984   0.94974 0.9477
2.0     0.95214 0.94768
2.016   0.9439  0.94768
2.032   0.95003 0.94768
2.048   0.95213 0.94769
2.064   0.95253 0.9477
2.08    0.9489  0.9477
2.096   0.94496 0.9477
2.112   0.94762 0.94769
2.128   0.94649 0.94769
2.144   0.94511 0.94769
2.16    0.94804 0.94769
2.176   0.95146 0.94769
2.192   0.95266 0.94771
2.208   0.94771 0.94772
2.224   0.95361 0.94772
2.24    0.94921 0.94771
2.256   0.95125 0.9477
2.272   0.94956 0.9477
2.288   0.94689 0.9477
2.304   0.95002 0.94772
2.32    0.95082 0.94772
2.336   0.95534 0.94773
2.352   0.9523  0.94773
2.368   0.9481  0.94772
2.384   0.9497  0.94772
2.4     0.95434 0.94772
2.416   0.95683 0.94772
2.432   0.94315 0.94773