0.016   0.99741 0.99874
0.032   0.99517 0.99548
0.048   0.98869 0.99139
0.064   0.98289 0.98743
0.08    0.98088 0.98396
0.096   0.98121 0.98099
0.112   0.97585 0.97851
0.128   0.97181 0.9765
0.144   0.97824 0.97484
0.16    0.97863 0.97336
0.176   0.97102 0.97192
0.192   0.97003 0.97054
0.208   0.97041 0.96924
0.224   0.97005 0.96806
0.24    0.9676  0.96702
0.256   0.96375 0.96613
0.272   0.96228 0.96536
0.288   0.96778 0.96464
0.304   0.96887 0.96394
0.32    0.9662  0.96326
0.336   0.96131 0.96261
0.352   0.96284 0.96201
0.368   0.96493 0.96147
0.384   0.96393 0.96101
0.4     0.96406 0.9606
0.416   0.959   0.96022
0.432   0.96145 0.95984
0.448   0.95962 0.95946
0.464   0.96059 0.9591
0.48    0.95826 0.95876
0.496   0.96231 0.95846
0.512   0.95951 0.9582
0.528   0.95904 0.95797
0.544   0.95691 0.95776
0.56    0.96006 0.95754
0.576   0.95497 0.95732
0.592   0.95649 0.95711
0.608   0.95549 0.95691
0.624   0.95461 0.95674
0.64    0.95745 0.95659
0.656   0.95512 0.95646
0.672   0.95449 0.95634
0.688   0.95363 0.95621
0.704   0.95572 0.95608
0.72    0.96116 0.95595
0.736   0.95444 0.95583
0.752   0.95571 0.95573
0.768   0.95076 0.95565
0.784   0.95756 0.95558
0.8     0.95662 0.95551
0.816   0.95897 0.95543
0.832   0.95245 0.95535
0.848   0.95298 0.95527
0.864   0.95676 0.9552
0.88    0.95413 0.95514
0.896   0.95376 0.95509
0.912   0.95539 0.95506
0.928   0.95465 0.95502
0.944   0.95248 0.95497
0.96    0.95323 0.95493
0.976   0.95119 0.95488
0.992   0.95366 0.95483
1.008   0.9518  0.9548
1.024   0.95579 0.95478
1.04    0.95217 0.95476
1.056   0.95522 0.95474
1.072   0.95159 0.95472
1.088   0.95383 0.95469
1.104   0.95101 0.95466
1.12    0.94812 0.95463
1.136   0.95795 0.95461
1.152   0.95779 0.9546
1.168   0.95466 0.9546
1.184   0.95352 0.95459
1.2     0.95467 0.95458
1.216   0.9584  0.95456
1.232   0.95128 0.95454
1.248   0.95223 0.95453
1.264   0.95372 0.95452
1.28    0.95043 0.95452
1.296   0.95815 0.95452
1.312   0.9527  0.95452
1.328   0.95343 0.95452
1.344   0.95571 0.95451
1.36    0.95709 0.9545
1.376   0.95358 0.95449
1.392   0.95304 0.95449
1.408   0.95362 0.95449
1.424   0.9569  0.9545
1.44    0.95271 0.9545
1.456   0.95232 0.9545
1.472   0.95248 0.9545
1.488   0.95164 0.95449
1.504   0.95514 0.95449
1.52    0.95329 0.95449
1.536   0.95211 0.9545
1.552   0.95426 0.95451
1.568   0.96071 0.95452
1.584   0.95121 0.95452
1.6     0.95321 0.95451
1.616   0.95756 0.95451
1.632   0.95533 0.95451
1.648   0.95854 0.95451
1.664   0.95279 0.95452
1.68    0.95746 0.95453
1.696   0.9569  0.95454
1.712   0.9523  0.95455
1.728   0.95567 0.95454
1.744   0.95485 0.95454
1.76    0.95854 0.95454
1.776   0.95926 0.95455
1.792   0.95573 0.95456
1.808   0.95695 0.95457
1.824   0.95991 0.95458
1.84    0.95954 0.95459
1.856   0.95653 0.95458
1.872   0.95123 0.95458
1.888   0.95509 0.95458
1.904   0.96148 0.95459
1.92    0.96087 0.9546
1.936   0.95407 0.95461