    0.020560  706.383000    4.959220
    0.021492  660.687000    4.709480
    0.022423  620.929000    4.104120
    0.023355  591.889000    3.696970
    0.024286  557.161000    3.253460
    0.025218  523.338000    3.004540
    0.026150  492.758000    2.861770
    0.027081  469.969000    2.700610
    0.028013  447.133000    2.386690
    0.028944  432.980000    2.464290
    0.029876  410.205000    2.580450
    0.030808  395.872000    2.654090
    0.031739  379.104000    2.591070
    0.032671  363.046000    2.407860
    0.033602  346.672000    2.280300
    0.034534  328.369000    2.199460
    0.035465  315.988000    2.088600
    0.036397  304.136000    1.949230
    0.037329  294.446000    1.867570
    0.038260  283.870000    1.830260
    0.039192  278.782000    1.768510
    0.040123  267.506000    1.724480
    0.041055  258.897000    1.770620
    0.041987  249.849000    1.743400
    0.042918  244.990000    1.767150
    0.043850  233.732000    1.775310
    0.044781  227.574000    1.599140
    0.045713  218.288000    1.667510
    0.046644  212.493000    1.558850
    0.047576  210.268000    1.538360
    0.048508  202.153000    1.455040
    0.049439  197.368000    1.414060
    0.050371  191.418000    1.391010
    0.051302  183.422000    1.378590
    0.052234  177.132000    1.448770
    0.053165  172.898000    1.447490
    0.054097  169.100000    1.497750
    0.055029  165.353000    1.481610
    0.055960  158.429000    1.415600
    0.056892  152.067000    1.377440
    0.057823  151.672000    1.379700
    0.058755  144.157000    1.259370
    0.059687  141.664000    1.240670
    0.060618  140.415000    1.172040
    0.061550  134.619000    1.185370
    0.062481  129.055000    1.168490
    0.063413  127.291000    1.122270
    0.064344  124.087000    1.157540
    0.065276  119.121000    1.138360
    0.066208  117.182000    1.136430
    0.067139  113.563000    1.189370
    0.068071  108.523000    1.188450
    0.069002  105.133000    1.135020
    0.069934  101.636000    1.116530
    0.070865  100.800000    1.109640
    0.071797   99.439000    1.074520
    0.072729   95.549000    1.049270
    0.073660   92.722000    1.048640
    0.074592   88.997000    1.041930
    0.075523   88.998000    0.993715
    0.076455   87.382000    0.962140
    0.077387   83.318000    0.990787
    0.078318   81.260000    1.007520
    0.079250   78.396000    1.031670
    0.080181   77.324000    1.055790
    0.081113   76.682000    1.068030
    0.082045   73.817000    1.053230
    0.082976   73.671000    1.023500
    0.083908   71.362000    0.998415
    0.084839   70.935000    0.967481
    0.085771   68.561000    0.954018
    0.086702   67.586000    0.913656
    0.087634   65.644000    0.897813
    0.088566   65.200000    0.910329
    0.089497   62.808000    0.920159
    0.090429   59.790000    0.919842
    0.091360   59.455000    0.901139
    0.092292   59.397000    0.921263
    0.093224   58.133000    0.961424
    0.094155   55.108000    0.954180
    0.095087   52.941000    0.965517
    0.096018   53.436000    0.922948
    0.096950   51.711000    0.922802
    0.097881   49.904000    0.885459
    0.098813   47.967000    0.844865
    0.099744   45.770000    0.866506
    0.100676   47.268000    0.839733
    0.101608   45.375000    0.820670
    0.102539   44.606000    0.835665
    0.103471   42.412000    0.828975
    0.104402   42.331000    0.828032
    0.105334   42.112000    0.843280
    0.106266   41.297000    0.894377
    0.107197   38.886000    0.866573
    0.108129   39.186000    0.859074
    0.109060   37.139000    0.872874
    0.109992   38.558000    0.898484
    0.110924   38.349000    0.840003
    0.111855   37.064000    0.839111
    0.112787   37.097000    0.808179
    0.113718   35.110000    0.823747
    0.114650   34.583000    0.774135
    0.115581   31.910000    0.765565
    0.116513   32.674000    0.766057
    0.117445   31.737000    0.744217
    0.118376   30.453000    0.740195
    0.119308   31.910000    0.769591
    0.120239   30.199000    0.754614
    0.121171   27.564000    0.758717
    0.122102   26.746000    0.771953
    0.123034   27.567000    0.789935
    0.123966   28.060000    0.805382
    0.124897   27.642000    0.795196
    0.125829   27.272000    0.780131
    0.126760   25.598000    0.758428
    0.127692   23.986000    0.765784
    0.128624   25.203000    0.767240
    0.129555   24.128000    0.760337
    0.130487   22.448000    0.749047
    0.131418   21.971000    0.764554
    0.132350   22.232000    0.729378
    0.133281   23.029000    0.711669
    0.134213   21.406000    0.701883
    0.135145   21.671000    0.702012
    0.136076   20.601000    0.687828
    0.137008   20.135000    0.700576
    0.137939   19.280000    0.712962
    0.138871   19.096000    0.717462
    0.139803   17.661000    0.730317
    0.140734   18.658000    0.719581
    0.141666   16.234000    0.746831
    0.142597   16.591000    0.739629
    0.143529   16.082000    0.838225
    0.144460   16.654000    0.745930
    0.145392   16.727000    0.762037
    0.146324   17.652000    0.696461
    0.147255   16.009000    0.686577
    0.148187   15.346000    0.702093
    0.149118   14.744000    0.687467
    0.150050   15.188000    0.665107
    0.150981   14.261000    0.650020
    0.151913   13.570000    0.662074
    0.152845   12.478000    0.647804
    0.153776   13.681000    0.655229
    0.154708   12.747000    0.675976
    0.155639   12.217000    0.654649
    0.156571   13.176000    0.658645
    0.157503   12.364000    0.659358
    0.158434   13.035000    0.679981
    0.159366   11.727000    0.672702
    0.160297   11.728000    0.684550
    0.161229   11.946000    0.688044
    0.162160   11.824000    0.664724
    0.163092   10.041000    0.672695
    0.164024    8.838990    0.681449
    0.164955   10.338000    0.657739
    0.165887    9.832000    0.660475
    0.166818   10.763000    0.646044
    0.167750    9.424010    0.640947
    0.168682    9.895000    0.636325
    0.169613    9.021000    0.640581
    0.170545    9.095990    0.611864
    0.171476   10.163000    0.619769
    0.172408    9.021000    0.616299
    0.173339    8.639010    0.641496
    0.174271    9.131000    0.602604
    0.175203    8.484010    0.620526
    0.176134    7.754000    0.602687
    0.177066    7.039990    0.609523
    0.177997    7.591000    0.630306
    0.178929    7.894000    0.612356
    0.179861    6.134990    0.650854
    0.180792    6.392990    0.629656
    0.181724    7.575990    0.637305
    0.182655    6.726000    0.648533
    0.183587    5.763000    0.650226
    0.184518    6.315000    0.654087
    0.185450    5.179990    0.647666
    0.186382    6.703990    0.634606
    0.187313    6.543000    0.626111
    0.188245    6.550000    0.620328
    0.189176    7.427000    0.613743
    0.190108    7.066010    0.617079
    0.191039    5.817000    0.598139
    0.191971    5.541000    0.597087
    0.192903    5.924000    0.578576
    0.193834    6.248000    0.588236
    0.194766    6.428010    0.581120
    0.195697    7.009000    0.586503
    0.196629    7.416990    0.570605
    0.197561    5.692990    0.568113
    0.198492    4.980000    0.558227
    0.199424    5.138000    0.581900
    0.200355    5.022000    0.570008
    0.201287    4.615010    0.555608
    0.202218    5.151000    0.583582
    0.203150    3.699010    0.573861
    0.204082    3.655990    0.576418
    0.205013    4.804990    0.569134
    0.205945    5.021000    0.579637
    0.206876    4.789000    0.593414
    0.207808    4.501010    0.596129
    0.208740    4.590010    0.612488
    0.209671    4.041000    0.600539
    0.210603    4.931000    0.595930
    0.211534    3.845000    0.600555
    0.212466    3.862990    0.603649
    0.213397    4.412990    0.600103
    0.214329    4.296010    0.590767
    0.215261    2.844010    0.594974
    0.216192    3.345000    0.581048
    0.217124    4.213000    0.575929
    0.218055    2.597000    0.550219
    0.218987    1.892000    0.560286
    0.219918    2.901000    0.543368
    0.220850    3.159000    0.539301
    0.221782    2.824010    0.548654
    0.222713    3.152010    0.539942
    0.223645    4.593000    0.536663
    0.224576    3.099000    0.522546
    0.225508    2.444990    0.519984
    0.226440    2.861010    0.520233
    0.227371    2.911000    0.526801
    0.228303    3.538010    0.527094
    0.229234    3.786000    0.520865
    0.230166    2.759990    0.508502
    0.231097    3.064010    0.515522
    0.232029    3.050990    0.513380
    0.232961    2.924000    0.503945
    0.233892    1.879990    0.516691
    0.234824    2.315000    0.521497
    0.235755    3.069000    0.509065
    0.236687    2.884990    0.512546
    0.237619    3.174000    0.512523
    0.238550    3.076000    0.519555
    0.239482    3.397990    0.500263
    0.240413    3.227010    0.521366
    0.241345    2.755000    0.520278
    0.242276    1.257000    0.542091
    0.243208    2.082000    0.511276
    0.244140    2.673000    0.510541
    0.245071    1.737000    0.509231
    0.246003    2.411000    0.512751
    0.246934    1.868000    0.510886
    0.247866    1.515990    0.521168
    0.248798    0.797989    0.504279
    0.249729    1.328990    0.505220
    0.250661    2.560000    0.506249
    0.251592    3.450000    0.511405
    0.252524    3.472000    0.507700
    0.253455    1.985000    0.511706
    0.254387    3.127000    0.504857
    0.255319    2.200000    0.517613
    0.256250    1.392000    0.504686
    0.257182    1.300000    0.513872
    0.258113    1.784010    0.513074
    0.259045    2.330990    0.511336
    0.259976    2.366000    0.505622
    0.260908    2.993990    0.491009
    0.261840    3.024000    0.480249
    0.262771    2.358990    0.485217
    0.263703    3.245000    0.476030
    0.264634    1.925000    0.479323
    0.265566    2.433010    0.464375
    0.266498    3.117000    0.460079
    0.267429    2.678990    0.465560
    0.268361    2.421010    0.451606
    0.269292    1.386000    0.462869
    0.270224    1.525010    0.446505
    0.271155    1.187000    0.452258
    0.272087    0.976990    0.445417
    0.273019    0.470001    0.450794
    0.273950    1.250000    0.452507
    0.274882    0.932007    0.453095
    0.275813    0.882996    0.450834
    0.276745    0.466995    0.464519
    0.277677    0.397003    0.462529
    0.278608    1.509000    0.463011
    0.279540    1.904010    0.455229
    0.280471    1.371990    0.451255
    0.281403    2.146000    0.446537
    0.282334    2.618010    0.434059
    0.283266    2.388000    0.450112
    0.284198    1.477010    0.451385
    0.285129    0.046005    0.427794
    0.286061    0.131012    0.427287
    0.287924    1.086000    0.437047
    0.288855    1.322010    0.442784
    0.289787    1.752010    0.446142
    0.290719    1.922010    0.448417
    0.291650    1.882000    0.444533
    0.292582    1.411000    0.456275
    0.293513    2.410000    0.446015
    0.294445    0.891998    0.456639
    0.295377    1.313000    0.456082
    0.296308    1.617000    0.455044
    0.297240    1.925000    0.436203
    0.298171    1.326000    0.444980
    0.299103    1.953990    0.443423
    0.300034    2.892000    0.429370
    0.300966    2.455990    0.435047
    0.301898    1.154010    0.439554
    0.302829    0.969009    0.439989
    0.303761    1.004000    0.445836
    0.304692    0.959000    0.444197
    0.305624    1.780000    0.441039
    0.306556    1.963990    0.448667
    0.307487    1.363010    0.449483
    0.308419    0.975998    0.459234
    0.309350    1.033000    0.447259
    0.310282    1.614000    0.459010
    0.311213    2.238010    0.458628
    0.312145    1.970000    0.458012
    0.313077    1.908000    0.449996
    0.314008    1.009000    0.451704
    0.314940    0.722992    0.444040
    0.315871    1.081010    0.447566
    0.316803    1.014010    0.428174
    0.317734    1.190990    0.432363
    0.318666    1.578990    0.437984
    0.319598    1.225010    0.423928
    0.320529    2.551990    0.432969
    0.321461    2.216000    0.431223
    0.322392    1.681990    0.445702
    0.323324    2.263990    0.451525
    0.324256    2.732010    0.453247
    0.325187    1.030000    0.457545
    0.326119    2.074010    0.461285
    0.327050    2.234010    0.453233
    0.327982    1.541000    0.458401
    0.328913    2.654010    0.455697
    0.329845    1.620000    0.448675
    0.330777    1.349990    0.450279
    0.331708    1.422990    0.443969
    0.332640    1.116000    0.439307
    0.333571    1.426010    0.439011
    0.334503    1.800000    0.441733
    0.335435    1.162000    0.436976
    0.336366    0.895996    0.436067
    0.337298    1.137010    0.438799
    0.338229    0.565002    0.439327
    0.339161    1.383000    0.445008
    0.340092    1.336990    0.460699
    0.341024    2.612000    0.460400
    0.341956    1.341000    0.456670
    0.342887    0.853989    0.456026
    0.343819    1.508990    0.459078
    0.344750    2.162000    0.457812
    0.345682    2.181990    0.443211
    0.346613    1.487000    0.440672
    0.347545    0.968002    0.444373
    0.348477    2.006990    0.423724
    0.349408    1.232010    0.432042
    0.350340    1.530990    0.435933
    0.351271    1.021000    0.449051
    0.352203    0.199997    0.433123
    0.353135    2.241000    0.435379
    0.354066    1.263990    0.441382
    0.354998    1.670990    0.453997
    0.355929    1.912000    0.447405
    0.356861    0.334000    0.459649
    0.357792    1.703990    0.449408
    0.358724    2.472000    0.441223
    0.359656    1.381010    0.441546
    0.360587    0.942001    0.435341
    0.361519    1.922990    0.437519
    0.362450    2.161000    0.437767
    0.363382    2.192000    0.435978
    0.364314    2.026000    0.436256
    0.365245    2.118000    0.424434
    0.366177    1.912000    0.428082
    0.367108    0.916000    0.432571
    0.368040    2.159000    0.433358
    0.368971    1.683990    0.439978
    0.369903    0.930008    0.445489
    0.370835    0.610992    0.452720
    0.371766    1.431000    0.438984
    0.372698    0.950989    0.439760
    0.373629    1.664000    0.442697
    0.374561    1.720000    0.433159
    0.375493    1.257000    0.430263
    0.376424    1.538010    0.427275
    0.377356    1.659000    0.426865
    0.378287    1.459000    0.425980
    0.379219    0.951004    0.427226
    0.380150    1.613010    0.420239
    0.381082    3.182010    0.421997
    0.382014    1.403990    0.424888
    0.382945    0.460007    0.434090
    0.383877    0.643997    0.434855
    0.384808    0.974991    0.438412
    0.385740    1.420000    0.442225
    0.386671    0.986008    0.434254
    0.387603    1.636990    0.431774
    0.388535    2.153000    0.432284
    0.389466    1.653000    0.433857
    0.390398    1.771010    0.425108
    0.391329    1.168010    0.428868
    0.392261    1.030010    0.421334
    0.393193    1.778990    0.421534
    0.394124    1.664000    0.418827
    0.395056    1.537990    0.423890
    0.395987    1.930010    0.419724
    0.396919    2.090990    0.430739
    0.397850    1.899990    0.433532
    0.398782    2.450000    0.434586
    0.399714    3.089000    0.430740
    0.400645    1.579010    0.434077
    0.401577    1.058000    0.434970
    0.402508    0.753998    0.421402
    0.403440    1.815990    0.406785
    0.404372    1.646000    0.416752
    0.405303    1.511990    0.414012
    0.406235    1.515000    0.408920
    0.407166    1.713000    0.407395
    0.408098    1.095000    0.411949
    0.409029    1.075990    0.412858
    0.409961    2.432010    0.417430
    0.410893    1.738010    0.430611
    0.411824    2.180010    0.427763
    0.412756    1.532000    0.436327
    0.413687    1.798000    0.424371
    0.414619    2.505000    0.422825
    0.415551    1.605000    0.415844
    0.416482    1.285000    0.414954
    0.417414    1.610000    0.406883
    0.418345    0.574997    0.406110
    0.419277    0.146011    0.403984
    0.420208    1.080000    0.412585
    0.421140    1.462010    0.408517
    0.422072    1.244000    0.420431
    0.423003    2.058000    0.430266
    0.423935    1.959000    0.420212
    0.424866    1.321000    0.427642
    0.425798    1.866990    0.416997
    0.426729    2.362000    0.406521
    0.427661    1.696000    0.413439
    0.428593    1.211000    0.409018
    0.429524    2.143010    0.405747
    0.430456    2.450000    0.405165
    0.431387    2.093990    0.404380
    0.432319    1.347990    0.425372
    0.433251    2.084000    0.416635
    0.434182    2.291000    0.418827
    0.435114    2.948000    0.415987
    0.436045    1.864000    0.409496
    0.436977    1.886000    0.408601
    0.437908    1.854000    0.403298
    0.438840    1.243010    0.406203
    0.439772    1.940990    0.401505
    0.440703    2.304990    0.403063
    0.441635    2.632000    0.407323
    0.442566    2.358000    0.402012
    0.443498    1.937000    0.402530
    0.444430    1.896010    0.399661
    0.445361    1.272000    0.403720
    0.446293    1.745010    0.408204
    0.447224    1.935000    0.412579
    0.448156    1.677000    0.412395
    0.449087    1.940990    0.416697
    0.450019    0.975998    0.407241
    0.450951    1.422010    0.400689
    0.451882    1.397000    0.393411
    0.452814    1.435010    0.411451
    0.453745    2.101990    0.399480
    0.454677    1.381000    0.393108
    0.455608    1.684010    0.397954
    0.456540    2.032000    0.407235
    0.457472    2.152010    0.405445
    0.458403    2.188000    0.402231
    0.459335    1.569990    0.400314
    0.460266    2.447010    0.410571
    0.461198    1.504990    0.398241
    0.462130    1.868000    0.392577
    0.463061    1.095000    0.392387
    0.463993    1.911000    0.402938
    0.464924    2.300000    0.399051
    0.465856    2.377990    0.394477
    0.466787    2.806000    0.394788
    0.467719    2.280990    0.397339
    0.468651    2.037990    0.396404
    0.469582    1.811000    0.395138
    0.470514    2.639010    0.400097
    0.471445    2.311000    0.407227
    0.472377    2.200000    0.406552
    0.473309    2.728000    0.390647
    0.474240    2.269990    0.390084
    0.475172    1.804990    0.404176
    0.476103    1.986010    0.393099
    0.477035    1.754000    0.385773
    0.477966    0.992996    0.388463
    0.478898    2.400990    0.394188
    0.479830    1.985990    0.450428
    0.480761    1.122010    0.467846
    0.481693    1.438000    0.480418
    0.482624    2.440000    0.498493
    0.483556    1.765000    0.506999
    0.484488    0.988998    0.545906
    0.485419    1.937000    0.554487
    0.486351    2.545000    0.579469
    0.487282    1.448000    0.596352
    0.488214    0.758011    0.603317
    0.489145    0.942001    0.630694
    0.490077    2.140000    0.631061
    0.491009    2.295000    0.657301
    0.491940    2.067000    0.668337
    0.492872    1.733000    0.683981
    0.493803    1.420000    0.705635
    0.494735    1.351990    0.717532
    0.495666    1.278000    0.804531
    0.496598    0.669006    0.866998
    0.497530    1.317990    0.917780
    0.498461    2.658000    0.980728
    0.499393    2.802000    1.037750