0.016   0.98685 0.99223
0.032   0.96381 0.97264
0.048   0.92978 0.94926
0.064   0.91259 0.92845
0.08    0.90135 0.91226
0.096   0.89275 0.90015
0.112   0.88499 0.89148
0.128   0.885   0.88577
0.144   0.87796 0.88199
0.16    0.86681 0.8787
0.176   0.86957 0.87501
0.192   0.85871 0.87087
0.208   0.85701 0.86658
0.224   0.86594 0.8624
0.24    0.86235 0.85855
0.256   0.84477 0.85516
0.272   0.84685 0.85211
0.288   0.84873 0.84907
0.304   0.83984 0.84581
0.32    0.84566 0.84237
0.336   0.84148 0.83891
0.352   0.83209 0.8356
0.368   0.82878 0.83259
0.384   0.81755 0.82995
0.4     0.82297 0.82761
0.416   0.8334  0.82537
0.432   0.82051 0.82309
0.448   0.80711 0.82079
0.464   0.81518 0.81854
0.48    0.83597 0.81645
0.496   0.81428 0.8146
0.512   0.82036 0.81302
0.528   0.80749 0.81167
0.544   0.79836 0.81041
0.56    0.81262 0.80914
0.576   0.80399 0.80788
0.592   0.80903 0.80667
0.608   0.81966 0.80558
0.624   0.79307 0.80466
0.64    0.79021 0.80393
0.656   0.7926  0.80333
0.672   0.81601 0.80277
0.688   0.80744 0.80217
0.704   0.79695 0.80152
0.72    0.81446 0.80088
0.736   0.80957 0.80027
0.752   0.78653 0.79975
0.768   0.80235 0.79933
0.784   0.79933 0.79896
0.8     0.79971 0.79858
0.816   0.80374 0.79813
0.832   0.80234 0.79762
0.848   0.80432 0.79708
0.864   0.7956  0.79657
0.88    0.79529 0.79612
0.896   0.80504 0.79575
0.912   0.79507 0.79542
0.928   0.79276 0.79507
0.944   0.79129 0.79468
0.96    0.79207 0.79425
0.976   0.79842 0.79382
0.992   0.80007 0.79341
1.008   0.79095 0.79308
1.024   0.79777 0.79282
1.04    0.79407 0.79261
1.056   0.78516 0.79241
1.072   0.79683 0.79217
1.088   0.78554 0.79191
1.104   0.80361 0.79166
1.12    0.7983  0.79145
1.136   0.79386 0.79131
1.152   0.80831 0.79125
1.168   0.78696 0.79124
1.184   0.79143 0.79123
1.2     0.78977 0.79119
1.216   0.76948 0.79115
1.232   0.79235 0.79112
1.248   0.79214 0.79112
1.264   0.79533 0.79119
1.28    0.78832 0.79133
1.296   0.78632 0.79152
1.312   0.7914  0.7917
1.328   0.80339 0.79185
1.344   0.81033 0.79199
1.36    0.78295 0.79215
1.376   0.79184 0.79233
1.392   0.79316 0.79257
1.408   0.78118 0.79286
1.424   0.80556 0.79319
1.44    0.80061 0.79352
1.456   0.79793 0.7938
1.472   0.80866 0.79408
1.488   0.80668 0.79437
1.504   0.80216 0.79468
1.52    0.7981  0.79503
1.536   0.79118 0.79543
1.552   0.79191 0.79587
1.568   0.79389 0.79629
1.584   0.79341 0.79667
1.6     0.80028 0.79703
1.616   0.80578 0.79741
1.632   0.79537 0.79782
1.648   0.79636 0.79825
1.664   0.80726 0.79871
1.68    0.7909  0.79922
1.696   0.79405 0.79971
1.712   0.81798 0.80015
1.728   0.80885 0.80054
1.744   0.77976 0.80096
1.76    0.79327 0.80142
1.776   0.80498 0.80188
1.792   0.79988 0.80235
1.808   0.79593 0.80285
1.824   0.79757 0.80335
1.84    0.80564 0.8038
1.856   0.80537 0.80417
1.872   0.79919 0.80453
1.888   0.8108  0.80495
1.904   0.80796 0.80539
1.92    0.80312 0.80582
1.936   0.82212 0.80622
1.952   0.82557 0.80662
1.968   0.81056 0.80699
1.984   0.79899 0.8073
2.0     0.80152 0.80755
2.016   0.80247 0.80782
2.032   0.80701 0.80814
2.048   0.80465 0.80848
2.064   0.82857 0.80877
2.08    0.8164  0.80901
2.096   0.79939 0.80919
2.112   0.82268 0.80936
2.128   0.8101  0.80951
2.144   0.80599 0.80964
2.16    0.81185 0.80976
2.176   0.80931 0.8099
2.192   0.80249 0.81006
2.208   0.79328 0.81018
2.224   0.8048  0.81021
2.24    0.80296 0.81017
2.256   0.82149 0.81012
2.272   0.83414 0.8101
2.288   0.80226 0.81012
2.304   0.8102  0.81013
2.32    0.82222 0.8101
2.336   0.81574 0.81003
2.352   0.79699 0.80992
2.368   0.81088 0.80979
2.384   0.81594 0.80962
2.4     0.82336 0.80945
2.416   0.819   0.80929
2.432   0.79167 0.80917