FormFactor file for OLIGOMER created from: PDBs/at3_nmr1.pdb PDBs/2BX9.pdb
 0.00000E+00  0.63892E+07  0.86986E+08
 0.16000E-02  0.63872E+07  0.86925E+08
 0.32000E-02  0.63812E+07  0.86744E+08
 0.48000E-02  0.63714E+07  0.86443E+08
 0.64000E-02  0.63576E+07  0.86023E+08
 0.80000E-02  0.63399E+07  0.85486E+08
 0.96000E-02  0.63183E+07  0.84833E+08
 0.11200E-01  0.62929E+07  0.84068E+08
 0.12800E-01  0.62637E+07  0.83193E+08
 0.14400E-01  0.62308E+07  0.82210E+08
 0.16000E-01  0.61942E+07  0.81125E+08
 0.17600E-01  0.61540E+07  0.79940E+08
 0.19200E-01  0.61103E+07  0.78660E+08
 0.20800E-01  0.60631E+07  0.77291E+08
 0.22400E-01  0.60126E+07  0.75835E+08
 0.24000E-01  0.59587E+07  0.74300E+08
 0.25600E-01  0.59017E+07  0.72689E+08
 0.27200E-01  0.58416E+07  0.71010E+08
 0.28800E-01  0.57785E+07  0.69267E+08
 0.30400E-01  0.57125E+07  0.67466E+08
 0.32000E-01  0.56438E+07  0.65613E+08
 0.33600E-01  0.55724E+07  0.63715E+08
 0.35200E-01  0.54985E+07  0.61777E+08
 0.36800E-01  0.54221E+07  0.59807E+08
 0.38400E-01  0.53436E+07  0.57809E+08
 0.40000E-01  0.52628E+07  0.55790E+08
 0.41600E-01  0.51801E+07  0.53756E+08
 0.43200E-01  0.50955E+07  0.51712E+08
 0.44800E-01  0.50092E+07  0.49666E+08
 0.46400E-01  0.49212E+07  0.47622E+08
 0.48000E-01  0.48318E+07  0.45586E+08
 0.49600E-01  0.47411E+07  0.43563E+08
 0.51200E-01  0.46491E+07  0.41558E+08
 0.52800E-01  0.45562E+07  0.39577E+08
 0.54400E-01  0.44623E+07  0.37623E+08
 0.56000E-01  0.43676E+07  0.35702E+08
 0.57600E-01  0.42723E+07  0.33816E+08
 0.59200E-01  0.41766E+07  0.31971E+08
 0.60800E-01  0.40804E+07  0.30169E+08
 0.62400E-01  0.39840E+07  0.28414E+08
 0.64000E-01  0.38876E+07  0.26708E+08
 0.65600E-01  0.37911E+07  0.25055E+08
 0.67200E-01  0.36948E+07  0.23456E+08
 0.68800E-01  0.35988E+07  0.21913E+08
 0.70400E-01  0.35031E+07  0.20428E+08
 0.72000E-01  0.34080E+07  0.19003E+08
 0.73600E-01  0.33135E+07  0.17638E+08
 0.75200E-01  0.32197E+07  0.16334E+08
 0.76800E-01  0.31268E+07  0.15092E+08
 0.78400E-01  0.30348E+07  0.13912E+08
 0.80000E-01  0.29438E+07  0.12793E+08
 0.81600E-01  0.28539E+07  0.11736E+08
 0.83200E-01  0.27652E+07  0.10740E+08
 0.84800E-01  0.26778E+07  0.98041E+07
 0.86400E-01  0.25918E+07  0.89274E+07
 0.88000E-01  0.25072E+07  0.81088E+07
 0.89600E-01  0.24241E+07  0.73469E+07
 0.91200E-01  0.23426E+07  0.66403E+07
 0.92800E-01  0.22627E+07  0.59872E+07
 0.94400E-01  0.21844E+07  0.53860E+07
 0.96000E-01  0.21079E+07  0.48348E+07
 0.97600E-01  0.20331E+07  0.43315E+07
 0.99200E-01  0.19601E+07  0.38742E+07
 0.10080E+00  0.18890E+07  0.34607E+07
 0.10240E+00  0.18197E+07  0.30890E+07
 0.10400E+00  0.17523E+07  0.27566E+07
 0.10560E+00  0.16867E+07  0.24616E+07
 0.10720E+00  0.16231E+07  0.22015E+07
 0.10880E+00  0.15614E+07  0.19743E+07
 0.11040E+00  0.15017E+07  0.17777E+07
 0.11200E+00  0.14438E+07  0.16094E+07
 0.11360E+00  0.13879E+07  0.14674E+07
 0.11520E+00  0.13338E+07  0.13496E+07
 0.11680E+00  0.12817E+07  0.12538E+07
 0.11840E+00  0.12315E+07  0.11781E+07
 0.12000E+00  0.11831E+07  0.11206E+07
 0.12160E+00  0.11366E+07  0.10794E+07
 0.12320E+00  0.10919E+07  0.10528E+07
 0.12480E+00  0.10489E+07  0.10390E+07
 0.12640E+00  0.10078E+07  0.10364E+07
 0.12800E+00  0.96835E+06  0.10435E+07
 0.12960E+00  0.93060E+06  0.10589E+07
 0.13120E+00  0.89451E+06  0.10812E+07
 0.13280E+00  0.86004E+06  0.11091E+07
 0.13440E+00  0.82714E+06  0.11416E+07
 0.13600E+00  0.79577E+06  0.11775E+07
 0.13760E+00  0.76588E+06  0.12158E+07
 0.13920E+00  0.73744E+06  0.12556E+07
 0.14080E+00  0.71039E+06  0.12962E+07
 0.14240E+00  0.68468E+06  0.13367E+07
 0.14400E+00  0.66028E+06  0.13765E+07
 0.14560E+00  0.63712E+06  0.14150E+07
 0.14720E+00  0.61517E+06  0.14518E+07
 0.14880E+00  0.59437E+06  0.14863E+07
 0.15040E+00  0.57467E+06  0.15183E+07
 0.15200E+00  0.55602E+06  0.15473E+07
 0.15360E+00  0.53838E+06  0.15732E+07
 0.15520E+00  0.52170E+06  0.15958E+07
 0.15680E+00  0.50592E+06  0.16148E+07
 0.15840E+00  0.49101E+06  0.16302E+07
 0.16000E+00  0.47692E+06  0.16419E+07
 0.16160E+00  0.46359E+06  0.16500E+07
 0.16320E+00  0.45100E+06  0.16544E+07
 0.16480E+00  0.43908E+06  0.16551E+07
 0.16640E+00  0.42781E+06  0.16523E+07
 0.16800E+00  0.41713E+06  0.16460E+07
 0.16960E+00  0.40702E+06  0.16364E+07
 0.17120E+00  0.39743E+06  0.16236E+07
 0.17280E+00  0.38833E+06  0.16077E+07
 0.17440E+00  0.37967E+06  0.15890E+07
 0.17600E+00  0.37144E+06  0.15675E+07
 0.17760E+00  0.36358E+06  0.15436E+07
 0.17920E+00  0.35608E+06  0.15174E+07
 0.18080E+00  0.34891E+06  0.14890E+07
 0.18240E+00  0.34203E+06  0.14588E+07
 0.18400E+00  0.33542E+06  0.14268E+07
 0.18560E+00  0.32905E+06  0.13934E+07
 0.18720E+00  0.32291E+06  0.13586E+07
 0.18880E+00  0.31698E+06  0.13227E+07
 0.19040E+00  0.31122E+06  0.12859E+07
 0.19200E+00  0.30563E+06  0.12483E+07
 0.19360E+00  0.30018E+06  0.12102E+07
 0.19520E+00  0.29486E+06  0.11717E+07
 0.19680E+00  0.28966E+06  0.11330E+07
 0.19840E+00  0.28457E+06  0.10942E+07
 0.20000E+00  0.27956E+06  0.10555E+07
 0.20160E+00  0.27465E+06  0.10171E+07
 0.20320E+00  0.26980E+06  0.97892E+06
 0.20480E+00  0.26502E+06  0.94125E+06
 0.20640E+00  0.26030E+06  0.90416E+06
 0.20800E+00  0.25563E+06  0.86774E+06
 0.20960E+00  0.25101E+06  0.83210E+06
 0.21120E+00  0.24643E+06  0.79730E+06
 0.21280E+00  0.24190E+06  0.76343E+06
 0.21440E+00  0.23741E+06  0.73054E+06
 0.21600E+00  0.23295E+06  0.69870E+06
 0.21760E+00  0.22854E+06  0.66795E+06
 0.21920E+00  0.22416E+06  0.63833E+06
 0.22080E+00  0.21982E+06  0.60988E+06
 0.22240E+00  0.21552E+06  0.58261E+06
 0.22400E+00  0.21126E+06  0.55654E+06
 0.22560E+00  0.20704E+06  0.53167E+06
 0.22720E+00  0.20287E+06  0.50803E+06
 0.22880E+00  0.19875E+06  0.48560E+06
 0.23040E+00  0.19467E+06  0.46439E+06
 0.23200E+00  0.19065E+06  0.44437E+06
 0.23360E+00  0.18668E+06  0.42553E+06
 0.23520E+00  0.18277E+06  0.40784E+06
 0.23680E+00  0.17893E+06  0.39130E+06
 0.23840E+00  0.17515E+06  0.37586E+06
 0.24000E+00  0.17144E+06  0.36150E+06
 0.24160E+00  0.16780E+06  0.34818E+06
 0.24320E+00  0.16423E+06  0.33587E+06
 0.24480E+00  0.16074E+06  0.32453E+06
 0.24640E+00  0.15733E+06  0.31412E+06
 0.24800E+00  0.15401E+06  0.30460E+06
 0.24960E+00  0.15077E+06  0.29594E+06
 0.25120E+00  0.14762E+06  0.28808E+06
 0.25280E+00  0.14455E+06  0.28099E+06
 0.25440E+00  0.14158E+06  0.27463E+06
 0.25600E+00  0.13870E+06  0.26895E+06
 0.25760E+00  0.13592E+06  0.26392E+06
 0.25920E+00  0.13323E+06  0.25949E+06
 0.26080E+00  0.13063E+06  0.25563E+06
 0.26240E+00  0.12814E+06  0.25228E+06
 0.26400E+00  0.12574E+06  0.24942E+06
 0.26560E+00  0.12344E+06  0.24702E+06
 0.26720E+00  0.12123E+06  0.24503E+06
 0.26880E+00  0.11912E+06  0.24342E+06
 0.27040E+00  0.11710E+06  0.24215E+06
 0.27200E+00  0.11518E+06  0.24120E+06
 0.27360E+00  0.11335E+06  0.24054E+06
 0.27520E+00  0.11162E+06  0.24014E+06
 0.27680E+00  0.10997E+06  0.23997E+06
 0.27840E+00  0.10841E+06  0.24001E+06
 0.28000E+00  0.10694E+06  0.24024E+06
 0.28160E+00  0.10555E+06  0.24064E+06
 0.28320E+00  0.10424E+06  0.24117E+06
 0.28480E+00  0.10301E+06  0.24182E+06
 0.28640E+00  0.10185E+06  0.24258E+06
 0.28800E+00  0.10077E+06  0.24343E+06
 0.28960E+00  0.99754E+05  0.24435E+06
 0.29120E+00  0.98808E+05  0.24533E+06
 0.29280E+00  0.97925E+05  0.24636E+06
 0.29440E+00  0.97103E+05  0.24742E+06
 0.29600E+00  0.96338E+05  0.24851E+06
 0.29760E+00  0.95627E+05  0.24963E+06
 0.29920E+00  0.94968E+05  0.25075E+06
 0.30080E+00  0.94355E+05  0.25188E+06
 0.30240E+00  0.93786E+05  0.25301E+06
 0.30400E+00  0.93259E+05  0.25412E+06
 0.30560E+00  0.92770E+05  0.25521E+06
 0.30720E+00  0.92315E+05  0.25629E+06
 0.30880E+00  0.91892E+05  0.25734E+06
 0.31040E+00  0.91496E+05  0.25838E+06
 0.31200E+00  0.91126E+05  0.25940E+06
 0.31360E+00  0.90780E+05  0.26037E+06
 0.31520E+00  0.90453E+05  0.26131E+06
 0.31680E+00  0.90142E+05  0.26224E+06
 0.31840E+00  0.89846E+05  0.26313E+06
 0.32000E+00  0.89561E+05  0.26398E+06
