# 3.3mg/mL fAT from als 2012.02.27
# q  I(q)  err
 0.010641  84.777321  4.310276
 0.011250  84.480937  1.503177
 0.011858  87.327214  0.615899
 0.012466  82.751739  0.903363
 0.013074  84.194408  1.226485
 0.013682  83.451254  1.129754
 0.014290  81.054265  1.345485
 0.014898  80.085464  1.211155
 0.015506  81.280258  0.788380
 0.016114  81.073383  0.741557
 0.016722  81.354411  0.788478
 0.017330  81.195595  0.554456
 0.017938  80.582044  0.552862
 0.018546  80.329396  0.670952
 0.019155  79.699391  0.632353
 0.019763  79.640160  0.440053
 0.020371  79.707377  0.489387
 0.020979  79.901984  0.473193
 0.021587  79.140643  0.380692
 0.022195  78.927470  0.504910
 0.022803  78.432170  0.311144
 0.023411  78.636111  0.379371
 0.024019  78.202740  0.333108
 0.024627  78.078792  0.383360
 0.025235  77.500447  0.248450
 0.025843  77.318455  0.316190
 0.026452  76.896387  0.286936
 0.027060  77.298387  0.301604
 0.027668  76.790193  0.289547
 0.028276  76.354015  0.293396
 0.028884  75.744308  0.277523
 0.029492  75.777565  0.229043
 0.030100  74.774803  0.343128
 0.030708  75.192563  0.261552
 0.031316  74.872766  0.316341
 0.031924  74.907973  0.220250
 0.032532  73.946965  0.251300
 0.033140  73.019322  0.259518
 0.033748  72.872243  0.270723
 0.034357  72.691720  0.241641
 0.034965  72.393659  0.225220
 0.035573  71.737883  0.239461
 0.036181  71.444831  0.225280
 0.036789  70.675480  0.203866
 0.037397  69.657559  0.237817
 0.038005  69.630313  0.202957
 0.038613  69.171129  0.240522
 0.039221  68.731488  0.207621
 0.039829  68.503865  0.219300
 0.040437  67.650834  0.234475
 0.041045  67.169746  0.216621
 0.041654  67.395815  0.226884
 0.042262  67.027198  0.212485
 0.042870  66.219078  0.211731
 0.043478  65.696300  0.204836
 0.044086  65.311496  0.188501
 0.044694  64.935868  0.175626
 0.045302  64.436045  0.179147
 0.045910  63.940006  0.204018
 0.046518  63.549418  0.207043
 0.047126  63.021223  0.177304
 0.047734  62.760127  0.183911
 0.048342  62.163496  0.179849
 0.048950  61.622098  0.188913
 0.049559  61.576117  0.194060
 0.050167  61.122753  0.161900
 0.050775  60.634522  0.179381
 0.051383  60.464984  0.189618
 0.051991  59.516734  0.170779
 0.052599  59.192349  0.159645
 0.053207  58.367827  0.179409
 0.053815  58.091026  0.161281
 0.054423  57.434774  0.165209
 0.055031  56.794517  0.166206
 0.055639  56.337935  0.161019
 0.056247  55.927727  0.156954
 0.056855  55.394309  0.160819
 0.057463  55.046408  0.173075
 0.058072  54.608232  0.159623
 0.058680  54.169105  0.175234
 0.059288  53.728570  0.155162
 0.059896  53.090346  0.166449
 0.060504  53.000755  0.167516
 0.061112  51.966627  0.131957
 0.061720  51.721372  0.144223
 0.062328  51.185996  0.159178
 0.062936  50.590834  0.129648
 0.063544  50.203319  0.139998
 0.064152  49.705847  0.173125
 0.064760  48.992770  0.154326
 0.065368  48.246203  0.152390
 0.065977  47.834329  0.151518
 0.066585  47.384103  0.135153
 0.067193  47.067366  0.152509
 0.067801  46.515104  0.182083
 0.068409  45.874226  0.154321
 0.069017  45.229227  0.154425
 0.069625  45.199380  0.150033
 0.070233  44.696503  0.159008
 0.070841  44.119381  0.144469
 0.071449  43.759931  0.152480
 0.072057  43.083227  0.125568
 0.072665  42.668577  0.133692
 0.073273  42.071632  0.134653
 0.073881  41.519575  0.130364
 0.074490  41.078654  0.126814
 0.075098  40.619971  0.136312
 0.075706  40.285285  0.138995
 0.076314  39.639272  0.129916
 0.076922  39.438128  0.129815
 0.077530  38.893050  0.131151
 0.078138  38.444691  0.125124
 0.078746  37.894365  0.133149
 0.079354  37.422503  0.126061
 0.079962  36.905943  0.123126
 0.080570  36.465871  0.120233
 0.081178  36.241248  0.110955
 0.081786  35.364158  0.116424
 0.082394  35.242660  0.129236
 0.083002  34.648868  0.120097
 0.083611  34.287300  0.117136
 0.084219  33.655833  0.123755
 0.084827  33.555523  0.114233
 0.085435  33.011556  0.118287
 0.086043  32.828672  0.126294
 0.086651  32.178927  0.123104
 0.087259  31.748753  0.119695
 0.087867  31.242407  0.108383
 0.088475  30.791291  0.117584
 0.089083  30.243688  0.114313
 0.089691  30.169583  0.118013
 0.090299  29.808456  0.124656
 0.090907  29.559195  0.106874
 0.091515  28.947187  0.145970
 0.092123  28.793310  0.101974
 0.092732  27.866298  0.111790
 0.093340  27.845421  0.131739
 0.093948  27.420291  0.113299
 0.094556  26.830133  0.118496
 0.095164  26.560346  0.111508
 0.095772  26.259017  0.124340
 0.096380  25.981286  0.105980
 0.096988  25.479344  0.119101
 0.097596  25.213432  0.100554
 0.098204  24.837547  0.107206
 0.098812  24.524241  0.115606
 0.099420  24.142073  0.094587
 0.100028  23.886482  0.118353
 0.100636  23.527304  0.110129
 0.101244  23.194451  0.105039
 0.101852  22.698276  0.096357
 0.102461  22.452261  0.111320
 0.103069  22.220968  0.098725
 0.103677  21.919782  0.116102
 0.104285  21.469577  0.094918
 0.104893  21.421523  0.094991
 0.105501  21.124365  0.095544
 0.106109  20.795668  0.103142
 0.106717  20.477322  0.102399
 0.107325  20.097500  0.095933
 0.107933  19.859821  0.101102
 0.108541  19.553371  0.105769
 0.109149  19.253975  0.103713
 0.109757  18.932447  0.103688
 0.110365  18.712290  0.095333
 0.110973  18.325889  0.087917
 0.111581  18.192121  0.095227
 0.112189  17.977752  0.089451
 0.112798  17.668828  0.092293
 0.113406  17.493352  0.091147
 0.114014  17.312550  0.093235
 0.114622  16.850255  0.095661
 0.115230  16.919741  0.099331
 0.115838  16.410970  0.089688
 0.116446  16.233868  0.097161
 0.117054  15.920783  0.096353
 0.117662  15.873126  0.084674
 0.118270  15.528987  0.089885
 0.118878  15.297719  0.094675
 0.119486  15.096924  0.083710
 0.120094  14.741969  0.094799
 0.120702  14.638343  0.085329
 0.121310  14.424885  0.090839
 0.121918  14.223608  0.082909
 0.122526  14.232951  0.085414
 0.123134  13.817101  0.083522
 0.123742  13.663617  0.080302
 0.124351  13.443169  0.086213
 0.124959  13.410348  0.085786
 0.125567  13.283329  0.086302
 0.126175  12.889645  0.087038
 0.126783  12.846122  0.089013
 0.127391  12.774921  0.084630
 0.127999  12.458437  0.088533
 0.128607  12.434529  0.085724
 0.129215  12.174713  0.090965
 0.129823  12.095464  0.092478
 0.130431  11.941610  0.084442
 0.131039  11.810819  0.093603
 0.131647  11.869583  0.091961
 0.132255  11.566132  0.092538
 0.132863  11.297478  0.082214
 0.133471  11.228503  0.085747
 0.134079  11.055310  0.083596
 0.134687  10.929011  0.077813
 0.135295  10.851531  0.078040
 0.135903  10.625302  0.080412
 0.136511  10.577391  0.082874
 0.137119  10.353629  0.083801
 0.137728  10.232627  0.084894
 0.138336  10.007381  0.082722
 0.138944  9.854328  0.090372
 0.139552  9.872574  0.082569
 0.140160  9.774303  0.078381
 0.140768  9.799219  0.080003
 0.141376  9.589693  0.086304
 0.141984  9.516666  0.086021
 0.142592  9.464548  0.080964
 0.143200  9.301268  0.082187
 0.143808  9.060266  0.079987
 0.144416  9.006813  0.082051
 0.145024  9.163673  0.081475
 0.145632  9.003212  0.082092
 0.146240  8.946238  0.081899
 0.146848  8.741984  0.076343
 0.147456  8.833250  0.079217
 0.148064  8.654174  0.072021
 0.148672  8.530594  0.079302
 0.149280  8.324977  0.080894
 0.149888  8.313617  0.082360
 0.150496  8.122424  0.069080
 0.151104  8.105274  0.076083
 0.151712  8.127246  0.075258
 0.152320  8.170525  0.073188
 0.152928  7.929663  0.078740
 0.153537  8.066629  0.078217
 0.154145  7.877265  0.074890
 0.154753  7.866244  0.078179
 0.155361  7.619593  0.078611
 0.155969  7.718163  0.068882
 0.156577  7.607443  0.071542
 0.157185  7.526045  0.074235
 0.157793  7.515164  0.071710
 0.158401  7.504804  0.067447
 0.159009  7.376335  0.071226
 0.159617  7.305477  0.071389
 0.160225  7.152867  0.076600
 0.160833  7.125693  0.070110
 0.161441  7.121726  0.071119
 0.162049  7.046977  0.063190
 0.162657  7.020550  0.069226
 0.163265  6.985756  0.065684
 0.163873  7.004360  0.067435
 0.164481  6.852197  0.071293
 0.165089  6.708367  0.066980
 0.165697  6.754014  0.071674
 0.166305  6.658405  0.070641
 0.166913  6.629251  0.069470
 0.167521  6.703377  0.066470
 0.168129  6.365119  0.072499
 0.168737  6.555113  0.071200
 0.169345  6.318647  0.071680
 0.169953  6.401814  0.070440
 0.170561  6.374810  0.068374
 0.171169  6.349662  0.064352
 0.171777  6.353576  0.073579
 0.172385  6.187194  0.067701
 0.172993  6.206051  0.070230
 0.173601  6.124159  0.066543
 0.174209  6.109919  0.063316
 0.174817  6.031293  0.068719
 0.175425  6.042835  0.067377
 0.176033  6.017511  0.071320
 0.176641  5.912348  0.066563
 0.177250  5.866137  0.070638
 0.177858  5.811315  0.065340
 0.178466  5.778156  0.074628
 0.179074  5.742707  0.070537
 0.179682  5.840993  0.068694
 0.180290  5.823585  0.064675
 0.180898  5.852886  0.068080
 0.181506  5.749346  0.067685
 0.182114  5.617457  0.070122
 0.182722  5.605148  0.066514
 0.183330  5.510071  0.067449
 0.183938  5.593237  0.071411
 0.184546  5.516141  0.075435
 0.185154  5.458791  0.065447
 0.185762  5.291131  0.085343
 0.186370  5.348154  0.068128
 0.186978  5.246734  0.064788
 0.187586  5.222046  0.067076
 0.188194  5.305306  0.066174
 0.188802  5.209610  0.070264
 0.189410  5.245596  0.064999
 0.190018  5.359402  0.068913
 0.190626  5.238845  0.063985
 0.191234  5.078612  0.065720
 0.191842  5.039353  0.067800
 0.192450  4.980538  0.067195
 0.193058  4.998076  0.069387
 0.193666  4.952971  0.069566
 0.194274  4.905496  0.064840
 0.194882  4.728135  0.067591
 0.195490  4.827646  0.066980
 0.196098  4.781723  0.069523
 0.196706  4.793819  0.064294
 0.197314  4.683762  0.062941
 0.197922  4.810987  0.059871
 0.198530  4.740517  0.065328
 0.199138  4.619180  0.061425
 0.199746  4.561131  0.064094
 0.200354  4.616749  0.062659
 0.200962  4.571023  0.066074
 0.201570  4.517826  0.060465
 0.202178  4.663489  0.061287
 0.202786  4.540346  0.063477
 0.203394  4.327016  0.061657
 0.204002  4.437086  0.060068
 0.204610  4.245382  0.061838
 0.205218  4.339193  0.061435
 0.205826  4.259372  0.059159
 0.206434  4.195027  0.060661
 0.207042  4.158098  0.064567
 0.207650  4.134730  0.065143
 0.208258  4.075520  0.063558
 0.208866  4.138517  0.058676
 0.209474  4.065864  0.061801
 0.210082  4.189813  0.058984
 0.210690  4.057429  0.063786
 0.211298  4.037738  0.065585
 0.211906  4.121177  0.061951
 0.212514  3.982525  0.060743
 0.213122  4.041023  0.063273
 0.213730  3.942995  0.059780
 0.214338  4.045492  0.057968
 0.214946  3.986790  0.061034
 0.215554  3.804474  0.058566
 0.216162  3.872524  0.060260
 0.216770  3.792135  0.058754
 0.217378  3.725406  0.061500
 0.217986  3.657104  0.059634
 0.218594  3.716838  0.058167
 0.219202  3.609127  0.057678
 0.219810  3.659569  0.055591
 0.220418  3.572674  0.056534
 0.221025  3.570736  0.058899
 0.221633  3.549096  0.057267
 0.222241  3.543254  0.056988
 0.222849  3.460359  0.059965
 0.223457  3.334162  0.063083
 0.224065  3.374029  0.059423
 0.224673  3.395299  0.060788
 0.225281  3.394234  0.054846
 0.225889  3.297065  0.060543
 0.226497  3.322667  0.056430
 0.227105  3.311270  0.059872
 0.227713  3.287887  0.060678
 0.228321  3.253166  0.057030
 0.228929  3.221893  0.056880
 0.229537  3.147641  0.056314
 0.230145  3.208839  0.055575
 0.230753  2.992515  0.057905
 0.231361  3.044509  0.053826
 0.231969  3.011213  0.055858
 0.232577  3.019696  0.053814
 0.233185  3.017765  0.055274
 0.233793  2.952614  0.057151
 0.234401  3.067445  0.054440
 0.235009  3.100160  0.059109
 0.235617  3.018986  0.055663
 0.236225  2.978854  0.054132
 0.236833  2.873181  0.055537
 0.237441  2.794910  0.054213
 0.238049  2.761978  0.054906
 0.238657  2.687462  0.058737
 0.239265  2.783455  0.055500
 0.239873  2.777143  0.055482
 0.240481  2.722123  0.062910
 0.241089  2.786523  0.056504
 0.241697  2.789239  0.057073
 0.242304  2.815030  0.055026
 0.242912  2.882162  0.053848
 0.243520  2.763293  0.054074
 0.244128  2.660083  0.056357
 0.244736  2.548903  0.050834
 0.245344  2.628575  0.053736
 0.245952  2.563454  0.054142
 0.246560  2.574749  0.053560
 0.247168  2.626146  0.054443
 0.247776  2.534538  0.055454
 0.248384  2.539101  0.054334
 0.248992  2.443765  0.054562
 0.249600  2.640115  0.054884
 0.250208  2.402196  0.052706
 0.250816  2.429219  0.053066
 0.251424  2.414622  0.062346
 0.252032  2.309795  0.055185
 0.252640  2.389355  0.055749
 0.253248  2.309196  0.056043
 0.253856  2.317764  0.054460
 0.254464  2.280908  0.051602
 0.255072  2.285830  0.059960
 0.255679  2.392473  0.051243
 0.256287  2.273749  0.055284
 0.256895  2.336632  0.054444
 0.257503  2.287969  0.051833
 0.258111  2.278103  0.052017
 0.258719  2.088265  0.053552
 0.259327  2.238861  0.049369
 0.259935  2.118406  0.054226
 0.260543  2.259447  0.054900
 0.261151  2.188403  0.054221
 0.261759  2.138012  0.053095
 0.262367  2.187111  0.053578
 0.262975  2.173359  0.050040
 0.263583  2.160257  0.049478
 0.264191  2.178547  0.051698
 0.264799  2.138384  0.054138
 0.265407  2.146870  0.052498
 0.266014  2.002086  0.052287
 0.266622  2.136369  0.050052
 0.267230  1.947434  0.051230
 0.267838  1.949739  0.052985
 0.268446  1.978547  0.047900
 0.269054  1.982524  0.050509
 0.269662  2.045388  0.052759
 0.270270  2.002206  0.048874
 0.270878  1.970885  0.051149
 0.271486  2.032590  0.051856
 0.272094  1.983021  0.051371
 0.272702  1.906589  0.049883
 0.273310  1.832204  0.048074
 0.273918  2.009077  0.048536
 0.274526  1.941084  0.049220
 0.275133  2.031584  0.050059
 0.275741  1.953049  0.049057
 0.276349  1.940427  0.053918
 0.276957  1.899128  0.049415
 0.277565  1.833319  0.048313
 0.278173  1.772216  0.049529
 0.278781  1.855285  0.048283
 0.279389  1.791984  0.050477
 0.279997  1.796754  0.048510
 0.280605  1.835207  0.047421
 0.281213  1.767222  0.046685
 0.281821  1.838971  0.048218
 0.282429  1.782636  0.049833
 0.283036  1.864684  0.045122
 0.283644  1.837372  0.047894
 0.284252  1.768075  0.050035
 0.284860  1.775868  0.048816
 0.285468  1.833907  0.050141
 0.286076  1.808061  0.048064
 0.286684  1.727654  0.048020
 0.287292  1.721892  0.049098
 0.287900  1.738221  0.045300
 0.288508  1.769458  0.046388
 0.289116  1.767847  0.046444
 0.289723  1.718665  0.046776
 0.290331  1.742733  0.046654
 0.290939  1.760751  0.049757
 0.291547  1.760338  0.048389
 0.292155  1.727232  0.048038
 0.292763  1.766742  0.047386
 0.293371  1.740436  0.046704
 0.293979  1.659256  0.045353
 0.294587  1.699078  0.049564
 0.295195  1.759642  0.060099
 0.295803  1.731410  0.045811
 0.296410  1.735582  0.046047
 0.297018  1.739076  0.048480
 0.297626  1.791481  0.047123
 0.298234  1.740617  0.046096
 0.298842  1.781033  0.044994
 0.299450  1.740737  0.044126
 0.300058  1.646708  0.044221
 0.300666  1.698245  0.046915
 0.301274  1.632999  0.043737
 0.301881  1.735232  0.045016
 0.302489  1.751753  0.045480
 0.303097  1.805278  0.042428
 0.303705  1.692878  0.044953
 0.304313  1.724183  0.043737
 0.304921  1.641169  0.043136
 0.305529  1.701614  0.046145
 0.306137  1.699116  0.043479
 0.306745  1.637873  0.043708
 0.307353  1.681081  0.044840
 0.307960  1.632168  0.043186
 0.308568  1.707579  0.042317
 0.309176  1.684409  0.042721
 0.309784  1.707085  0.045799
 0.310392  1.692103  0.043721
 0.311000  1.690241  0.047006
 0.311608  1.743494  0.050564
 0.312216  1.786752  0.049554
 0.312823  1.789553  0.047776
 0.313431  1.743148  0.055612
 0.314039  1.738164  0.050719
 0.314647  1.672838  0.053006
 0.315255  1.709727  0.057462
 0.315863  1.648629  0.053615
 0.316471  1.607800  0.058278
 0.317079  1.632337  0.063424
 0.317686  1.810211  0.063836
 0.318294  1.538840  0.068741
 0.318902  1.786866  0.069277
 0.319510  1.707213  0.070282
 0.320118  1.744770  0.084421
 0.320726  1.485863  0.095408
 0.321334  1.490863  0.092290
 0.321942  1.533512  0.105393
 0.322549  1.501623  0.213109
 