 Merge of: D_1.dat D_2_scaled.d                                                                                                                                                                                                                                 
D_1.dat       Conc = .10E+01  Mult = .10E+01  N1 =    1  N2 =  120  SCALE =  1
D_2_scaled.d  Conc = .10E+01  Mult = .10E+01  N1 =  110  N2 =  509  SCALE =  1
 0.106410E-01  0.984456E+02  0.392741E+01
 0.112500E-01  0.100137E+03  0.223283E+01
 0.118580E-01  0.939190E+02  0.191508E+01
 0.124660E-01  0.949090E+02  0.164313E+01
 0.130740E-01  0.929775E+02  0.108359E+01
 0.136820E-01  0.949555E+02  0.130916E+01
 0.142900E-01  0.947677E+02  0.148885E+01
 0.148980E-01  0.951472E+02  0.108457E+01
 0.155060E-01  0.950119E+02  0.141971E+01
 0.161140E-01  0.957159E+02  0.116668E+01
 0.167220E-01  0.966607E+02  0.121514E+01
 0.173300E-01  0.952767E+02  0.132584E+01
 0.179380E-01  0.959314E+02  0.106940E+01
 0.185460E-01  0.966423E+02  0.853103E+00
 0.191550E-01  0.956779E+02  0.907091E+00
 0.197630E-01  0.936548E+02  0.793328E+00
 0.203710E-01  0.941307E+02  0.756242E+00
 0.209790E-01  0.933348E+02  0.623217E+00
 0.215870E-01  0.938622E+02  0.634016E+00
 0.221950E-01  0.941857E+02  0.594327E+00
 0.228030E-01  0.939274E+02  0.707387E+00
 0.234110E-01  0.938550E+02  0.611165E+00
 0.240190E-01  0.930303E+02  0.638049E+00
 0.246270E-01  0.934404E+02  0.666904E+00
 0.252350E-01  0.929216E+02  0.603740E+00
 0.258430E-01  0.933276E+02  0.595329E+00
 0.264520E-01  0.927160E+02  0.537268E+00
 0.270600E-01  0.923939E+02  0.489052E+00
 0.276680E-01  0.914764E+02  0.597790E+00
 0.282760E-01  0.915409E+02  0.551499E+00
 0.288840E-01  0.908206E+02  0.588372E+00
 0.294920E-01  0.910534E+02  0.490200E+00
 0.301000E-01  0.910629E+02  0.532634E+00
 0.307080E-01  0.902876E+02  0.484892E+00
 0.313160E-01  0.902867E+02  0.461434E+00
 0.319240E-01  0.899171E+02  0.412548E+00
 0.325320E-01  0.897798E+02  0.441412E+00
 0.331400E-01  0.888733E+02  0.430323E+00
 0.337480E-01  0.885435E+02  0.450248E+00
 0.343570E-01  0.877840E+02  0.395021E+00
 0.349650E-01  0.874668E+02  0.407027E+00
 0.355730E-01  0.869355E+02  0.417575E+00
 0.361810E-01  0.863238E+02  0.538794E+00
 0.367890E-01  0.861755E+02  0.482465E+00
 0.373970E-01  0.852017E+02  0.408229E+00
 0.380050E-01  0.842292E+02  0.457545E+00
 0.386130E-01  0.842853E+02  0.431253E+00
 0.392210E-01  0.843102E+02  0.435686E+00
 0.398290E-01  0.837470E+02  0.412026E+00
 0.404370E-01  0.836402E+02  0.379055E+00
 0.410450E-01  0.825627E+02  0.345489E+00
 0.416540E-01  0.819831E+02  0.396390E+00
 0.422620E-01  0.819417E+02  0.429990E+00
 0.428700E-01  0.812353E+02  0.385869E+00
 0.434780E-01  0.810488E+02  0.373798E+00
 0.440860E-01  0.796565E+02  0.382288E+00
 0.446940E-01  0.794265E+02  0.337724E+00
 0.453020E-01  0.792991E+02  0.338729E+00
 0.459100E-01  0.779681E+02  0.339471E+00
 0.465180E-01  0.781463E+02  0.340408E+00
 0.471260E-01  0.771596E+02  0.383673E+00
 0.477340E-01  0.769196E+02  0.355512E+00
 0.483420E-01  0.764660E+02  0.349177E+00
 0.489500E-01  0.757867E+02  0.320800E+00
 0.495590E-01  0.751854E+02  0.340068E+00
 0.501670E-01  0.745131E+02  0.327404E+00
 0.507750E-01  0.737933E+02  0.309005E+00
 0.513830E-01  0.733623E+02  0.302371E+00
 0.519910E-01  0.724426E+02  0.294546E+00
 0.525990E-01  0.722275E+02  0.313964E+00
 0.532070E-01  0.716085E+02  0.319014E+00
 0.538150E-01  0.713999E+02  0.297412E+00
 0.544230E-01  0.707832E+02  0.315240E+00
 0.550310E-01  0.700412E+02  0.296089E+00
 0.556390E-01  0.693476E+02  0.286245E+00
 0.562470E-01  0.687105E+02  0.284411E+00
 0.568550E-01  0.680978E+02  0.291825E+00
 0.574630E-01  0.675687E+02  0.313628E+00
 0.580720E-01  0.672360E+02  0.300273E+00
 0.586800E-01  0.664931E+02  0.318731E+00
 0.592880E-01  0.657698E+02  0.276823E+00
 0.598960E-01  0.652800E+02  0.286299E+00
 0.605040E-01  0.645777E+02  0.266757E+00
 0.611120E-01  0.639023E+02  0.279273E+00
 0.617200E-01  0.630949E+02  0.261630E+00
 0.623280E-01  0.622477E+02  0.298458E+00
 0.629360E-01  0.617698E+02  0.299143E+00
 0.635440E-01  0.613687E+02  0.305083E+00
 0.641520E-01  0.609252E+02  0.290732E+00
 0.647600E-01  0.601784E+02  0.272471E+00
 0.653680E-01  0.595859E+02  0.270317E+00
 0.659770E-01  0.588017E+02  0.334016E+00
 0.665850E-01  0.581949E+02  0.543798E+00
 0.671930E-01  0.578839E+02  0.434537E+00
 0.678010E-01  0.571811E+02  0.333845E+00
 0.684090E-01  0.563933E+02  0.351397E+00
 0.690170E-01  0.557467E+02  0.328348E+00
 0.696250E-01  0.550944E+02  0.290775E+00
 0.702330E-01  0.544773E+02  0.263057E+00
 0.708410E-01  0.540384E+02  0.242657E+00
 0.714490E-01  0.535453E+02  0.246486E+00
 0.720570E-01  0.530692E+02  0.264058E+00
 0.726650E-01  0.525018E+02  0.278387E+00
 0.732730E-01  0.521389E+02  0.289394E+00
 0.738810E-01  0.515455E+02  0.360955E+00
 0.744900E-01  0.508890E+02  0.327168E+00
 0.750980E-01  0.504373E+02  0.278001E+00
 0.757060E-01  0.499851E+02  0.246893E+00
 0.763140E-01  0.489344E+02  0.206317E+01
 0.769220E-01  0.486951E+02  0.785916E+00
 0.775300E-01  0.479278E+02  0.730406E+00
 0.781380E-01  0.472454E+02  0.723143E+00
 0.787460E-01  0.469504E+02  0.712284E+00
 0.793540E-01  0.462593E+02  0.703952E+00
 0.799620E-01  0.456935E+02  0.692600E+00
 0.805700E-01  0.450491E+02  0.686305E+00
 0.811780E-01  0.443471E+02  0.676661E+00
 0.817860E-01  0.438670E+02  0.668075E+00
 0.823940E-01  0.434405E+02  0.660574E+00
 0.830020E-01  0.428375E+02  0.652512E+00
 0.836110E-01  0.422636E+02  0.126839E+01
 0.842190E-01  0.417710E+02  0.125322E+01
 0.848270E-01  0.412013E+02  0.123607E+01
 0.854350E-01  0.406077E+02  0.121826E+01
 0.860430E-01  0.400913E+02  0.120276E+01
 0.866510E-01  0.395852E+02  0.118759E+01
 0.872590E-01  0.389798E+02  0.116942E+01
 0.878670E-01  0.385234E+02  0.115572E+01
 0.884750E-01  0.380433E+02  0.114133E+01
 0.890830E-01  0.375010E+02  0.112506E+01
 0.896910E-01  0.369880E+02  0.110966E+01
 0.902990E-01  0.364743E+02  0.109426E+01
 0.909070E-01  0.359391E+02  0.107820E+01
 0.915150E-01  0.354954E+02  0.106538E+01
 0.921230E-01  0.349339E+02  0.104714E+01
 0.927320E-01  0.344401E+02  0.103360E+01
 0.933400E-01  0.339953E+02  0.101993E+01
 0.939480E-01  0.335473E+02  0.100645E+01
 0.945560E-01  0.330293E+02  0.990903E+00
 0.951640E-01  0.326190E+02  0.978598E+00
 0.957720E-01  0.320860E+02  0.962608E+00
 0.963800E-01  0.317146E+02  0.951449E+00
 0.969880E-01  0.313719E+02  0.941184E+00
 0.975960E-01  0.308296E+02  0.924918E+00
 0.982040E-01  0.304224E+02  0.912692E+00
 0.988120E-01  0.300050E+02  0.900175E+00
 0.994200E-01  0.295523E+02  0.886594E+00
 0.100028E+00  0.291343E+02  0.874049E+00
 0.100636E+00  0.287665E+02  0.863012E+00
 0.101244E+00  0.283979E+02  0.852350E+00
 0.101852E+00  0.280266E+02  0.840086E+00
 0.102461E+00  0.275894E+02  0.828003E+00
 0.103069E+00  0.271922E+02  0.815837E+00
 0.103677E+00  0.267127E+02  0.801402E+00
 0.104285E+00  0.264820E+02  0.794480E+00
 0.104893E+00  0.260344E+02  0.781059E+00
 0.105501E+00  0.257062E+02  0.771198E+00
 0.106109E+00  0.253702E+02  0.761129E+00
 0.106717E+00  0.249286E+02  0.747884E+00
 0.107325E+00  0.245721E+02  0.737179E+00
 0.107933E+00  0.242327E+02  0.727001E+00
 0.108541E+00  0.238597E+02  0.715815E+00
 0.109149E+00  0.234794E+02  0.704404E+00
 0.109757E+00  0.231331E+02  0.694008E+00
 0.110365E+00  0.228520E+02  0.685581E+00
 0.110973E+00  0.224726E+02  0.674195E+00
 0.111581E+00  0.222381E+02  0.667466E+00
 0.112189E+00  0.218646E+02  0.655396E+00
 0.112798E+00  0.214714E+02  0.644390E+00
 0.113406E+00  0.212607E+02  0.637867E+00
 0.114014E+00  0.209022E+02  0.627095E+00
 0.114622E+00  0.205246E+02  0.615757E+00
 0.115230E+00  0.202907E+02  0.608738E+00
 0.115838E+00  0.199428E+02  0.598302E+00
 0.116446E+00  0.197317E+02  0.591959E+00
 0.117054E+00  0.194873E+02  0.584636E+00
 0.117662E+00  0.191586E+02  0.574774E+00
 0.118270E+00  0.189347E+02  0.568052E+00
 0.118878E+00  0.186540E+02  0.559635E+00
 0.119486E+00  0.184072E+02  0.552229E+00
 0.120094E+00  0.181662E+02  0.544994E+00
 0.120702E+00  0.179842E+02  0.539537E+00
 0.121310E+00  0.177167E+02  0.531516E+00
 0.121918E+00  0.174595E+02  0.523797E+00
 0.122526E+00  0.172567E+02  0.517709E+00
 0.123134E+00  0.170615E+02  0.512091E+00
 0.123742E+00  0.168547E+02  0.505207E+00
 0.124351E+00  0.166831E+02  0.500683E+00
 0.124959E+00  0.164330E+02  0.493029E+00
 0.125567E+00  0.162257E+02  0.486783E+00
 0.126175E+00  0.159943E+02  0.479838E+00
 0.126783E+00  0.158279E+02  0.474845E+00
 0.127391E+00  0.156077E+02  0.468245E+00
 0.127999E+00  0.153887E+02  0.461669E+00
 0.128607E+00  0.152197E+02  0.456600E+00
 0.129215E+00  0.150211E+02  0.450642E+00
 0.129823E+00  0.148494E+02  0.445488E+00
 0.130431E+00  0.146916E+02  0.440755E+00
 0.131039E+00  0.145040E+02  0.435127E+00
 0.131647E+00  0.143387E+02  0.430174E+00
 0.132255E+00  0.141076E+02  0.423239E+00
 0.132863E+00  0.139774E+02  0.419327E+00
 0.133471E+00  0.138223E+02  0.414677E+00
 0.134079E+00  0.136785E+02  0.410359E+00
 0.134687E+00  0.135679E+02  0.407044E+00
 0.135295E+00  0.133986E+02  0.401964E+00
 0.135903E+00  0.132871E+02  0.398615E+00
 0.136511E+00  0.131886E+02  0.395846E+00
 0.137119E+00  0.130244E+02  0.390399E+00
 0.137728E+00  0.128649E+02  0.386096E+00
 0.138336E+00  0.126895E+02  0.380711E+00
 0.138944E+00  0.125486E+02  0.376463E+00
 0.139552E+00  0.123866E+02  0.371606E+00
 0.140160E+00  0.122360E+02  0.367085E+00
 0.140768E+00  0.121640E+02  0.364923E+00
 0.141376E+00  0.120521E+02  0.361565E+00
 0.141984E+00  0.119918E+02  0.359761E+00
 0.142592E+00  0.118036E+02  0.354118E+00
 0.143200E+00  0.116886E+02  0.350661E+00
 0.143808E+00  0.115902E+02  0.347709E+00
 0.144416E+00  0.114819E+02  0.344462E+00
 0.145024E+00  0.113300E+02  0.339904E+00
 0.145632E+00  0.112681E+02  0.338044E+00
 0.146240E+00  0.111719E+02  0.335163E+00
 0.146848E+00  0.110480E+02  0.331443E+00
 0.147456E+00  0.110181E+02  0.330543E+00
 0.148064E+00  0.109565E+02  0.328698E+00
 0.148672E+00  0.108376E+02  0.325133E+00
 0.149280E+00  0.107370E+02  0.322113E+00
 0.149888E+00  0.106561E+02  0.319687E+00
 0.150496E+00  0.105413E+02  0.316241E+00
 0.151104E+00  0.105134E+02  0.315402E+00
 0.151712E+00  0.104211E+02  0.312639E+00
 0.152320E+00  0.102884E+02  0.308800E+00
 0.152928E+00  0.102137E+02  0.306148E+00
 0.153537E+00  0.101174E+02  0.303632E+00
 0.154145E+00  0.100632E+02  0.301916E+00
 0.154753E+00  0.993539E+01  0.298067E+00
 0.155361E+00  0.985342E+01  0.295605E+00
 0.155969E+00  0.977588E+01  0.293278E+00
 0.156577E+00  0.971687E+01  0.291507E+00
 0.157185E+00  0.966193E+01  0.289859E+00
 0.157793E+00  0.958840E+01  0.287655E+00
 0.158401E+00  0.949038E+01  0.284715E+00
 0.159009E+00  0.940428E+01  0.282130E+00
 0.159617E+00  0.935549E+01  0.280666E+00
 0.160225E+00  0.927868E+01  0.278363E+00
 0.160833E+00  0.919200E+01  0.275763E+00
 0.161441E+00  0.912864E+01  0.273860E+00
 0.162049E+00  0.909049E+01  0.272715E+00
 0.162657E+00  0.910962E+01  0.273289E+00
 0.163265E+00  0.907053E+01  0.272118E+00
 0.163873E+00  0.898606E+01  0.269584E+00
 0.164481E+00  0.893023E+01  0.267909E+00
 0.165089E+00  0.884571E+01  0.265374E+00
 0.165697E+00  0.877485E+01  0.263248E+00
 0.166305E+00  0.870140E+01  0.261044E+00
 0.166913E+00  0.866815E+01  0.260046E+00
 0.167521E+00  0.859785E+01  0.257938E+00
 0.168129E+00  0.852874E+01  0.255864E+00
 0.168737E+00  0.853105E+01  0.255933E+00
 0.169345E+00  0.846568E+01  0.253973E+00
 0.169953E+00  0.840904E+01  0.252272E+00
 0.170561E+00  0.839429E+01  0.251829E+00
 0.171169E+00  0.835465E+01  0.250640E+00
 0.171777E+00  0.831772E+01  0.249532E+00
 0.172385E+00  0.827112E+01  0.248135E+00
 0.172993E+00  0.820004E+01  0.246003E+00
 0.173601E+00  0.814041E+01  0.244213E+00
 0.174209E+00  0.809909E+01  0.242974E+00
 0.174817E+00  0.804058E+01  0.241218E+00
 0.175425E+00  0.800489E+01  0.240149E+00
 0.176033E+00  0.792147E+01  0.237756E+00
 0.176641E+00  0.788161E+01  0.236243E+00
 0.177250E+00  0.784689E+01  0.235492E+00
 0.177858E+00  0.781519E+01  0.234471E+00
 0.178466E+00  0.772808E+01  0.231845E+00
 0.179074E+00  0.770470E+01  0.231146E+00
 0.179682E+00  0.759687E+01  0.227911E+00
 0.180290E+00  0.758101E+01  0.227430E+00
 0.180898E+00  0.755985E+01  0.226796E+00
 0.181506E+00  0.755565E+01  0.226670E+00
 0.182114E+00  0.754712E+01  0.226419E+00
 0.182722E+00  0.743319E+01  0.223001E+00
 0.183330E+00  0.740237E+01  0.222072E+00
 0.183938E+00  0.735495E+01  0.220650E+00
 0.184546E+00  0.732542E+01  0.219764E+00
 0.185154E+00  0.727638E+01  0.218292E+00
 0.185762E+00  0.726082E+01  0.217827E+00
 0.186370E+00  0.718430E+01  0.215532E+00
 0.186978E+00  0.713011E+01  0.213904E+00
 0.187586E+00  0.709523E+01  0.212857E+00
 0.188194E+00  0.708777E+01  0.212633E+00
 0.188802E+00  0.710558E+01  0.213168E+00
 0.189410E+00  0.708776E+01  0.212636E+00
 0.190018E+00  0.698926E+01  0.209682E+00
 0.190626E+00  0.695592E+01  0.208678E+00
 0.191234E+00  0.694705E+01  0.208413E+00
 0.191842E+00  0.688640E+01  0.206594E+00
 0.192450E+00  0.687651E+01  0.206296E+00
 0.193058E+00  0.682870E+01  0.204862E+00
 0.193666E+00  0.681733E+01  0.204521E+00
 0.194274E+00  0.676844E+01  0.203054E+00
 0.194882E+00  0.674909E+01  0.202474E+00
 0.195490E+00  0.668538E+01  0.200566E+00
 0.196098E+00  0.659224E+01  0.197771E+00
 0.196706E+00  0.658724E+01  0.197618E+00
 0.197314E+00  0.654049E+01  0.196217E+00
 0.197922E+00  0.649048E+01  0.194716E+00
 0.198530E+00  0.649045E+01  0.194716E+00
 0.199138E+00  0.641927E+01  0.192581E+00
 0.199746E+00  0.637970E+01  0.191394E+00
 0.200354E+00  0.630596E+01  0.189181E+00
 0.200962E+00  0.629034E+01  0.188711E+00
 0.201570E+00  0.625184E+01  0.187557E+00
 0.202178E+00  0.620338E+01  0.186102E+00
 0.202786E+00  0.616964E+01  0.185090E+00
 0.203394E+00  0.615045E+01  0.184514E+00
 0.204002E+00  0.614501E+01  0.184352E+00
 0.204610E+00  0.608200E+01  0.182462E+00
 0.205218E+00  0.606227E+01  0.181868E+00
 0.205826E+00  0.604639E+01  0.181394E+00
 0.206434E+00  0.598293E+01  0.179490E+00
 0.207042E+00  0.595314E+01  0.178596E+00
 0.207650E+00  0.589302E+01  0.176793E+00
 0.208258E+00  0.584009E+01  0.175204E+00
 0.208866E+00  0.579989E+01  0.173998E+00
 0.209474E+00  0.581223E+01  0.174368E+00
 0.210082E+00  0.576021E+01  0.172809E+00
 0.210690E+00  0.571627E+01  0.171489E+00
 0.211298E+00  0.569923E+01  0.170979E+00
 0.211906E+00  0.562708E+01  0.168815E+00
 0.212514E+00  0.558917E+01  0.167675E+00
 0.213122E+00  0.558124E+01  0.167438E+00
 0.213730E+00  0.553720E+01  0.166117E+00
 0.214338E+00  0.551143E+01  0.165344E+00
 0.214946E+00  0.546411E+01  0.163925E+00
 0.215554E+00  0.543487E+01  0.163047E+00
 0.216162E+00  0.540103E+01  0.162031E+00
 0.216770E+00  0.538793E+01  0.161639E+00
 0.217378E+00  0.534967E+01  0.160492E+00
 0.217986E+00  0.529719E+01  0.158917E+00
 0.218594E+00  0.526523E+01  0.157958E+00
 0.219202E+00  0.522457E+01  0.156739E+00
 0.219810E+00  0.517696E+01  0.155240E+00
 0.220418E+00  0.521432E+01  0.156569E+00
 0.221025E+00  0.516670E+01  0.154949E+00
 0.221633E+00  0.509762E+01  0.152924E+00
 0.222241E+00  0.503973E+01  0.151194E+00
 0.222849E+00  0.499557E+01  0.149869E+00
 0.223457E+00  0.501668E+01  0.150501E+00
 0.224065E+00  0.499322E+01  0.149797E+00
 0.224673E+00  0.497357E+01  0.149207E+00
 0.225281E+00  0.496010E+01  0.148805E+00
 0.225889E+00  0.490408E+01  0.147124E+00
 0.226497E+00  0.488809E+01  0.146644E+00
 0.227105E+00  0.483755E+01  0.145128E+00
 0.227713E+00  0.479267E+01  0.143782E+00
 0.228321E+00  0.473378E+01  0.142016E+00
 0.228929E+00  0.468561E+01  0.140569E+00
 0.229537E+00  0.468191E+01  0.140457E+00
 0.230145E+00  0.467587E+01  0.140277E+00
 0.230753E+00  0.463992E+01  0.139198E+00
 0.231361E+00  0.462504E+01  0.138752E+00
 0.231969E+00  0.459454E+01  0.137837E+00
 0.232577E+00  0.459430E+01  0.137831E+00
 0.233185E+00  0.454081E+01  0.136227E+00
 0.233793E+00  0.450200E+01  0.135061E+00
 0.234401E+00  0.445695E+01  0.133710E+00
 0.235009E+00  0.443636E+01  0.133091E+00
 0.235617E+00  0.441695E+01  0.132511E+00
 0.236225E+00  0.434899E+01  0.130473E+00
 0.236833E+00  0.432128E+01  0.129639E+00
 0.237441E+00  0.431681E+01  0.129505E+00
 0.238049E+00  0.429177E+01  0.128754E+00
 0.238657E+00  0.425457E+01  0.127639E+00
 0.239265E+00  0.421444E+01  0.126434E+00
 0.239873E+00  0.419866E+01  0.125960E+00
 0.240481E+00  0.418006E+01  0.125402E+00
 0.241089E+00  0.414498E+01  0.124294E+00
 0.241697E+00  0.409006E+01  0.122811E+00
 0.242304E+00  0.409764E+01  0.122885E+00
 0.242912E+00  0.409789E+01  0.122930E+00
 0.243520E+00  0.408176E+01  0.122455E+00
 0.244128E+00  0.402873E+01  0.120864E+00
 0.244736E+00  0.401234E+01  0.120371E+00
 0.245344E+00  0.398941E+01  0.119683E+00
 0.245952E+00  0.396567E+01  0.118971E+00
 0.246560E+00  0.393010E+01  0.117905E+00
 0.247168E+00  0.389360E+01  0.116810E+00
 0.247776E+00  0.391709E+01  0.117514E+00
 0.248384E+00  0.388515E+01  0.116556E+00
 0.248992E+00  0.384790E+01  0.115438E+00
 0.249600E+00  0.382962E+01  0.114889E+00
 0.250208E+00  0.381373E+01  0.114412E+00
 0.250816E+00  0.378999E+01  0.113700E+00
 0.251424E+00  0.378160E+01  0.113449E+00
 0.252032E+00  0.375088E+01  0.112528E+00
 0.252640E+00  0.371063E+01  0.111320E+00
 0.253248E+00  0.367700E+01  0.110311E+00
 0.253856E+00  0.364615E+01  0.109385E+00
 0.254464E+00  0.364225E+01  0.109217E+00
 0.255072E+00  0.364075E+01  0.109319E+00
 0.255679E+00  0.360701E+01  0.108173E+00
 0.256287E+00  0.357484E+01  0.107241E+00
 0.256895E+00  0.354166E+01  0.106251E+00
 0.257503E+00  0.352998E+01  0.105900E+00
 0.258111E+00  0.349567E+01  0.104871E+00
 0.258719E+00  0.348725E+01  0.104618E+00
 0.259327E+00  0.349892E+01  0.104969E+00
 0.259935E+00  0.346054E+01  0.103818E+00
 0.260543E+00  0.346240E+01  0.103872E+00
 0.261151E+00  0.346529E+01  0.103959E+00
 0.261759E+00  0.344546E+01  0.103364E+00
 0.262367E+00  0.343428E+01  0.103028E+00
 0.262975E+00  0.342486E+01  0.102746E+00
 0.263583E+00  0.339896E+01  0.101971E+00
 0.264191E+00  0.335185E+01  0.100557E+00
 0.264799E+00  0.333306E+01  0.999459E-01
 0.265407E+00  0.333686E+01  0.100194E+00
 0.266014E+00  0.331235E+01  0.993363E-01
 0.266622E+00  0.333884E+01  0.100161E+00
 0.267230E+00  0.332374E+01  0.997128E-01
 0.267838E+00  0.330524E+01  0.991576E-01
 0.268446E+00  0.329124E+01  0.987390E-01
 0.269054E+00  0.324585E+01  0.973773E-01
 0.269662E+00  0.323330E+01  0.969991E-01
 0.270270E+00  0.321045E+01  0.963167E-01
 0.270878E+00  0.315396E+01  0.946219E-01
 0.271486E+00  0.315539E+01  0.946620E-01
 0.272094E+00  0.314554E+01  0.943663E-01
 0.272702E+00  0.315154E+01  0.945469E-01
 0.273310E+00  0.316956E+01  0.950888E-01
 0.273918E+00  0.313440E+01  0.939903E-01
 0.274526E+00  0.313882E+01  0.942485E-01
 0.275133E+00  0.310892E+01  0.932358E-01
 0.275741E+00  0.313121E+01  0.939322E-01
 0.276349E+00  0.314049E+01  0.942173E-01
 0.276957E+00  0.309569E+01  0.928738E-01
 0.277565E+00  0.311170E+01  0.933528E-01
 0.278173E+00  0.307871E+01  0.923626E-01
 0.278781E+00  0.306282E+01  0.918851E-01
 0.279389E+00  0.304398E+01  0.913196E-01
 0.279997E+00  0.304513E+01  0.913543E-01
 0.280605E+00  0.306164E+01  0.918496E-01
 0.281213E+00  0.304489E+01  0.913475E-01
 0.281821E+00  0.301234E+01  0.903304E-01
 0.282429E+00  0.297386E+01  0.892951E-01
 0.283036E+00  0.296472E+01  0.889097E-01
 0.283644E+00  0.297322E+01  0.891921E-01
 0.284252E+00  0.296408E+01  0.889230E-01
 0.284860E+00  0.294196E+01  0.882597E-01
 0.285468E+00  0.295857E+01  0.887578E-01
 0.286076E+00  0.295653E+01  0.886991E-01
 0.286684E+00  0.300416E+01  0.901282E-01
 0.287292E+00  0.297847E+01  0.893554E-01
 0.287900E+00  0.295732E+01  0.887207E-01
 0.288508E+00  0.292359E+01  0.876683E-01
 0.289116E+00  0.290591E+01  0.872538E-01
 0.289723E+00  0.290714E+01  0.871828E-01
 0.290331E+00  0.291273E+01  0.873778E-01
 0.290939E+00  0.289734E+01  0.869204E-01
 0.291547E+00  0.289062E+01  0.867186E-01
 0.292155E+00  0.288953E+01  0.866863E-01
 0.292763E+00  0.290752E+01  0.872260E-01
 0.293371E+00  0.291070E+01  0.873210E-01
 0.293979E+00  0.289994E+01  0.869985E-01
 0.294587E+00  0.291375E+01  0.874128E-01
 0.295195E+00  0.291358E+01  0.873670E-01
 0.295803E+00  0.290279E+01  0.871603E-01
 0.296410E+00  0.288030E+01  0.863787E-01
 0.297018E+00  0.286433E+01  0.859256E-01
 0.297626E+00  0.286581E+01  0.859744E-01
 0.298234E+00  0.285280E+01  0.855841E-01
 0.298842E+00  0.284537E+01  0.853612E-01
 0.299450E+00  0.283314E+01  0.849943E-01
 0.300058E+00  0.283621E+01  0.850864E-01
 0.300666E+00  0.284465E+01  0.853013E-01
 0.301274E+00  0.281407E+01  0.844972E-01
 0.301881E+00  0.281597E+01  0.844487E-01
 0.302489E+00  0.281206E+01  0.843575E-01
 0.303097E+00  0.281435E+01  0.844320E-01
 0.303705E+00  0.277679E+01  0.833053E-01
 0.304313E+00  0.276366E+01  0.829100E-01
 0.304921E+00  0.276700E+01  0.830102E-01
 0.305529E+00  0.275860E+01  0.827592E-01
 0.306137E+00  0.278914E+01  0.836752E-01
 0.306745E+00  0.279739E+01  0.838834E-01
 0.307353E+00  0.277826E+01  0.834216E-01
 0.307960E+00  0.278756E+01  0.835975E-01
 0.308568E+00  0.276961E+01  0.830846E-01
 0.309176E+00  0.277295E+01  0.831890E-01
 0.309784E+00  0.279574E+01  0.838729E-01
 0.310392E+00  0.278900E+01  0.836703E-01
 0.311000E+00  0.280303E+01  0.840914E-01
 0.311608E+00  0.281594E+01  0.844395E-01
 0.312216E+00  0.280376E+01  0.841866E-01
 0.312823E+00  0.279432E+01  0.837998E-01
 0.313431E+00  0.277574E+01  0.832683E-01
 0.314039E+00  0.277600E+01  0.832806E-01
 0.314647E+00  0.275957E+01  0.827886E-01
 0.315255E+00  0.277936E+01  0.833835E-01
 0.315863E+00  0.274260E+01  0.822802E-01
 0.316471E+00  0.274716E+01  0.823773E-01
 0.317079E+00  0.273316E+01  0.820676E-01
 0.317686E+00  0.274928E+01  0.824520E-01
 0.318294E+00  0.270579E+01  0.811729E-01
 0.318902E+00  0.272563E+01  0.817700E-01
---------C:\Documents and Settings\All Users\Documents\Ihms\fat\D_1.dat-------------------
---------C:\Documents and Settings\All Users\Documents\Ihms\fat\D_2_scaled.dat-------------------
