0.010641 332.396948 0.167008
0.011250 322.869353 1.739130
0.011858 327.202614 3.406306
0.012466 324.576886 2.553807
0.013074 328.581033 3.525200
0.013682 322.295636 1.570092
0.014290 325.018622 2.926388
0.014898 318.939936 1.585929
0.015506 322.911719 1.238842
0.016114 320.252937 1.373553
0.016722 321.230859 1.241265
0.017330 318.627306 1.422292
0.017938 315.748595 1.264743
0.018546 313.317797 1.636908
0.019155 313.942901 1.530360
0.019763 312.057024 1.338873
0.020371 311.604528 1.458364
0.020979 308.769214 1.328623
0.021587 307.806829 0.848636
0.022195 305.601895 1.390095
0.022803 305.196520 0.879356
0.023411 302.923081 1.002840
0.024019 299.920306 0.996817
0.024627 300.768243 1.040820
0.025235 297.177139 0.812113
0.025843 295.986137 0.922676
0.026452 295.451475 1.021906
0.027060 291.617365 0.702560
0.027668 288.582437 0.886099
0.028276 287.419944 0.773536
0.028884 283.963729 0.839262
0.029492 282.831332 1.012715
0.030100 281.417688 0.809899
0.030708 279.920080 0.647641
0.031316 276.729429 0.853079
0.031924 275.822175 0.843757
0.032532 271.727055 0.761977
0.033140 270.336048 0.813324
0.033748 266.512979 0.676618
0.034357 266.680550 0.757256
0.034965 264.070667 0.837873
0.035573 261.515349 0.658436
0.036181 257.563589 0.694441
0.036789 254.116560 0.932273
0.037397 252.460144 0.633377
0.038005 249.477026 0.783094
0.038613 247.559672 0.673545
0.039221 245.173436 0.638602
0.039829 243.654501 0.635948
0.040437 239.300496 0.581761
0.041045 237.785452 0.536312
0.041654 234.420408 0.538588
0.042262 231.484374 0.726697
0.042870 229.624435 0.684900
0.043478 226.907260 0.588590
0.044086 224.259611 0.592207
0.044694 220.997181 0.598723
0.045302 217.182277 0.614052
0.045910 215.549248 0.631253
0.046518 212.243463 0.538544
0.047126 209.312276 0.616277
0.047734 207.297142 0.511839
0.048342 203.769340 0.571789
0.048950 200.886070 0.539664
0.049559 198.446857 0.543099
0.050167 195.575555 0.552979
0.050775 192.562850 0.506897
0.051383 188.770662 0.513053
0.051991 186.312610 0.485261
0.052599 183.536604 0.480578
0.053207 179.880881 0.502707
0.053815 178.270416 0.537960
0.054423 174.007327 0.487846
0.055031 171.304051 0.573429
0.055639 169.130968 0.467409
0.056247 165.672354 0.483094
0.056855 162.811703 0.547146
0.057463 160.431812 0.474060
0.058072 156.845213 0.488174
0.058680 154.332570 0.466731
0.059288 151.765225 0.444993
0.059896 148.294424 0.475597
0.060504 144.886127 0.519600
0.061112 142.785774 0.478704
0.061720 139.811480 0.451086
0.062328 137.046060 0.530211
0.062936 133.889005 0.432699
0.063544 130.801186 0.429060
0.064152 129.115747 0.430746
0.064760 125.807696 0.399975
0.065368 123.489126 0.397034
0.065977 120.371371 0.428140
0.066585 118.783177 0.468775
0.067193 115.475908 0.441357
0.067801 113.350852 0.425243
0.068409 111.273591 0.395401
0.069017 107.490126 0.411756
0.069625 105.960770 0.389260
0.070233 103.042729 0.423347
0.070841 100.001566 0.390675
0.071449 99.053889 0.494506
0.072057 95.673444 0.337811
0.072665 93.325426 0.457391
0.073273 90.808369 0.377077
0.073881 88.737692 0.340399
0.074490 86.606707 0.327068
0.075098 84.583706 0.345501
0.075706 82.367321 0.306818
0.076314 80.066802 0.356527
0.076922 77.596794 0.317767
0.077530 75.823007 0.347172
0.078138 73.608355 0.296102
0.078746 71.985286 0.309401
0.079354 70.187127 0.315758
0.079962 68.112992 0.301015
0.080570 66.528852 0.310797
0.081178 64.733902 0.285638
0.081786 62.514592 0.298499
0.082394 60.811153 0.280633
0.083002 59.278271 0.266859
0.083611 57.493885 0.286997
0.084219 55.679184 0.288973
0.084827 53.661426 0.265454
0.085435 52.145377 0.286654
0.086043 50.470089 0.252948
0.086651 49.507560 0.264386
0.087259 48.118306 0.266760
0.087867 46.952125 0.255121
0.088475 45.476651 0.249662
0.089083 44.073912 0.227582
0.089691 42.620361 0.253972
0.090299 41.269381 0.219309
0.090907 39.746122 0.245939
0.091515 38.890921 0.227426
0.092123 37.289872 0.251112
0.092732 36.088341 0.208795
0.093340 34.957710 0.221092
0.093948 34.095142 0.221759
0.094556 32.957120 0.212423
0.095164 32.663906 0.220522
0.095772 30.828505 0.194870
0.096380 30.264801 0.214518
0.096988 29.141851 0.194657
0.097596 27.891981 0.205197
0.098204 27.251350 0.182919
0.098812 26.226089 0.214318
0.099420 25.617812 0.173874
0.100028 24.540118 0.257494
0.100636 24.104238 0.211833
0.101244 23.143489 1.026026
0.101852 22.726444 0.577706
0.102461 22.052680 0.229659
0.103069 21.147124 0.365135
0.103677 20.858748 0.184097
0.104285 19.826427 0.172334
0.104893 19.421806 0.170589
0.105501 18.922469 0.160747
0.106109 18.346220 0.160075
0.106717 17.656728 0.152357
0.107325 17.382661 0.169394
0.107933 16.741504 0.157129
0.108541 16.326962 0.160325
0.109149 16.018666 0.158264
0.109757 15.134500 0.172500
0.110365 14.932763 0.138668
0.110973 14.810444 0.146982
0.111581 14.459593 0.157947
0.112189 14.348268 0.150733
0.112798 13.950538 0.160427
0.113406 13.365374 0.137331
0.114014 13.076653 0.150707
0.114622 13.049579 0.154630
0.115230 12.760911 0.154315
0.115838 12.474617 0.143718
0.116446 12.221653 0.154802
0.117054 11.736473 0.138633
0.117662 11.414020 0.143350
0.118270 11.805787 0.149134
0.118878 11.311792 0.141861
0.119486 11.422800 0.147684
0.120094 11.240368 0.148949
0.120702 10.772289 0.157156
0.121310 10.903397 0.144805
0.121918 10.686467 0.126618
0.122526 10.619680 0.136451
0.123134 10.557924 0.130142
0.123742 10.632437 0.145031
0.124351 10.387719 0.131833
0.124959 10.291972 0.124864
0.125567 10.069079 0.132577
0.126175 10.190511 0.134226
0.126783 9.754461 0.148369
0.127391 9.924783 0.122166
0.127999 10.042190 0.129975
0.128607 10.024855 0.140182
0.129215 9.813624 0.129523
0.129823 10.085050 0.139689
0.130431 9.872461 0.136090
0.131039 9.826347 0.134500
0.131647 9.934279 0.125049
0.132255 10.130887 0.137423
0.132863 10.132329 0.134912
0.133471 10.305816 0.141211
0.134079 10.193095 0.128772
0.134687 10.223323 0.141124
0.135295 10.398196 0.135981
0.135903 10.342382 0.134860
0.136511 10.251064 0.126527
0.137119 10.314073 0.131763
0.137728 10.175609 0.132341
0.138336 10.072031 0.133763
0.138944 10.181589 0.126980
0.139552 10.225317 0.132833
0.140160 10.297873 0.145105
0.140768 10.310961 0.133023
0.141376 10.119218 0.135295
0.141984 10.240698 0.188819
0.142592 10.259654 0.126187
0.143200 10.099270 0.148123
0.143808 10.696604 0.131434
0.144416 10.657808 0.122258
0.145024 10.739442 0.129342
0.145632 10.645895 0.127179
0.146240 10.434134 0.132576
0.146848 10.495147 0.127138
0.147456 10.726587 0.127615
0.148064 10.606257 0.161369
0.148672 10.597398 0.125366
0.149280 10.689708 0.191011
0.149888 10.296861 0.125746
0.150496 10.629855 0.124529
0.151104 10.552158 0.128983
0.151712 10.599593 0.127549
0.152320 10.811926 0.122292
0.152928 10.757690 0.122201
0.153537 10.655947 0.116042
0.154145 10.817569 0.118830
0.154753 10.865246 0.120813
0.155361 10.794065 0.129985
0.155969 11.061657 0.113182
0.156577 10.877660 0.121828
0.157185 11.169911 0.115642
0.157793 10.944592 0.117888
0.158401 10.883646 0.118325
0.159009 10.846966 0.116408
0.159617 10.885802 0.119982
0.160225 10.676560 0.118911
0.160833 10.793607 0.118937
0.161441 10.732947 0.122411
0.162049 10.751650 0.121059
0.162657 10.880923 0.113860
0.163265 10.971075 0.116034
0.163873 10.955600 0.118207
0.164481 11.055152 0.116808
0.165089 10.977340 0.138660
0.165697 10.817293 0.117089
0.166305 10.814254 0.124424
0.166913 10.666955 0.116328
0.167521 10.968000 0.113392
0.168129 10.930222 0.115838
0.168737 11.082243 0.116580
0.169345 10.913242 0.117370
0.169953 10.954047 0.122883
0.170561 10.991417 0.113785
0.171169 10.782330 0.121655
0.171777 10.828706 0.111734
0.172385 10.792429 0.122336
0.172993 10.528296 0.115150
0.173601 10.504755 0.119874
0.174209 10.462791 0.108198
0.174817 10.600171 0.114898
0.175425 10.625789 0.113183
0.176033 10.416491 0.113803
0.176641 10.315590 0.113354
0.177250 10.041440 0.117074
0.177858 10.209094 0.125223
0.178466 10.040428 0.114889
0.179074 10.089676 0.114943
0.179682 10.179753 0.115661
0.180290 10.131079 0.118713
0.180898 10.050994 0.111452
0.181506 9.860644 0.114721
0.182114 9.882356 0.112231
0.182722 9.944010 0.121212
0.183330 9.699005 0.111017
0.183938 9.726461 0.128440
0.184546 9.722395 0.112690
0.185154 9.324921 0.116439
0.185762 9.484565 0.116138
0.186370 9.325281 0.105420
0.186978 9.283715 0.108629
0.187586 9.310287 0.116186
0.188194 9.501597 0.103184
0.188802 9.255006 0.105569
0.189410 9.390445 0.106702
0.190018 9.055131 0.106548
0.190626 9.299266 0.104933
0.191234 9.118344 0.106320
0.191842 8.934406 0.103290
0.192450 8.783124 0.107672
0.193058 8.719834 0.104528
0.193666 8.672007 0.101204
0.194274 8.747630 0.115665
0.194882 8.676212 0.121242
0.195490 8.573412 0.105656
0.196098 8.533059 0.111737
0.196706 8.365735 0.105530
0.197314 8.292847 0.111240
0.197922 8.076144 0.105113
0.198530 7.870011 0.102532
0.199138 7.894603 0.102818
0.199746 8.001548 0.098661
0.200354 8.041274 0.099062
0.200962 7.730156 0.102135
0.201570 7.755068 0.237096
0.202178 7.629555 0.156139
0.202786 7.647539 0.095048
0.203394 7.613769 0.101615
0.204002 7.573892 0.100206
0.204610 7.489810 0.093331
0.205218 7.258352 0.102734
0.205826 7.322146 0.090686
0.206434 7.133627 0.090973
0.207042 7.075939 0.095235
0.207650 7.109647 0.090402
0.208258 7.054631 0.099170
0.208866 6.917211 0.097983
0.209474 6.851730 0.097638
0.210082 6.873524 0.095466
0.210690 6.656054 0.095959
0.211298 6.697374 0.098460
0.211906 6.511888 0.103592
0.212514 6.812567 0.094193
0.213122 6.525212 0.094008
0.213730 6.630284 0.093828
0.214338 6.362461 0.095892
0.214946 6.389343 0.099999
0.215554 6.255671 0.100217
0.216162 6.215890 0.101099
0.216770 6.168502 0.100519
0.217378 6.221962 0.087992
0.217986 5.995739 0.091729
0.218594 5.964732 0.095489
0.219202 5.854140 0.093186
0.219810 5.830041 0.097519
0.220418 5.876669 0.099352
0.221025 5.718569 0.093294
0.221633 5.972645 0.088695
0.222241 5.740921 0.093053
0.222849 5.804631 0.092665
0.223457 5.653490 0.102697
0.224065 5.454112 0.091227
0.224673 5.469890 0.090297
0.225281 5.486413 0.090995
0.225889 5.306200 0.091603
0.226497 5.315635 0.095758
0.227105 5.481827 0.093084
0.227713 5.092674 0.091951
0.228321 5.211411 0.090111
0.228929 5.159574 0.095682
0.229537 5.172698 0.088171
0.230145 5.130882 0.102279
0.230753 4.943319 0.090657
0.231361 4.964772 0.106424
0.231969 4.788087 0.093068
0.232577 4.775198 0.168106
0.233185 4.893221 0.114875
0.233793 4.870375 0.184180
0.234401 4.795386 0.097302
0.235009 4.897884 0.088992
0.235617 4.800980 0.093569
0.236225 4.854754 0.090061
0.236833 4.667186 0.090979
0.237441 4.642923 0.088946
0.238049 4.347212 0.085676
0.238657 4.446325 0.087438
0.239265 4.353536 0.087237
0.239873 4.384685 0.092058
0.240481 4.397597 0.089362
0.241089 4.202322 0.091034
0.241697 4.256749 0.090813
0.242304 4.223160 0.087073
0.242912 4.205593 0.086416
0.243520 4.107814 0.091050
0.244128 4.171296 0.090327
0.244736 4.055791 0.089678
0.245344 4.169737 0.089774
0.245952 4.011983 0.087496
0.246560 4.126763 0.084234
0.247168 4.232765 0.093224
0.247776 4.048419 0.083379
0.248384 4.127905 0.085390
0.248992 3.989473 0.088740
0.249600 3.835600 0.087585
0.250208 3.909258 0.087032
0.250816 4.012947 0.087118
0.251424 3.801109 0.084891
0.252032 3.855983 0.081970
0.252640 3.609687 0.089739
0.253248 3.854299 0.123432
0.253856 3.580998 0.085488
0.254464 3.659564 0.116535
0.255072 3.697624 0.084645
0.255679 3.676152 0.087650
0.256287 3.658314 0.087837
0.256895 3.774660 0.084233
0.257503 3.624096 0.078746
0.258111 3.906792 0.088118
0.258719 3.527757 0.081601
0.259327 3.665881 0.084751
0.259935 3.549761 0.086498
0.260543 3.476945 0.078513
0.261151 3.464755 0.081556
0.261759 3.689755 0.086460
0.262367 3.420409 0.086835
0.262975 3.629123 0.090558
0.263583 3.309554 0.085210
0.264191 3.275085 0.084260
0.264799 3.435321 0.087114
0.265407 3.434622 0.081304
0.266014 3.427837 0.113798
0.266622 3.570576 0.098167
0.267230 3.399725 0.340077
0.267838 3.360805 0.130649
0.268446 3.510877 0.085024
0.269054 3.580736 0.089665
0.269662 3.427267 0.083284
0.270270 3.370918 0.080605
0.270878 3.440884 0.082766
0.271486 3.453506 0.075435
0.272094 3.432135 0.086302
0.272702 3.424252 0.080383
0.273310 3.315965 0.082519
0.273918 3.533891 0.080562
0.274526 3.394051 0.085177
0.275133 3.274545 0.082483
0.275741 3.440044 0.079250
0.276349 3.255948 0.081336
0.276957 3.337854 0.075762
0.277565 3.222239 0.085106
0.278173 3.400038 0.077139
0.278781 3.314632 0.077571
0.279389 3.277988 0.074441
0.279997 3.414314 0.076802
0.280605 3.279480 0.077463
0.281213 3.287286 0.078487
0.281821 3.371970 0.081178
0.282429 3.406735 0.072688
0.283036 3.236659 0.079360
0.283644 3.309566 0.079604
0.284252 3.256530 0.076344
0.284860 3.309947 0.076154
0.285468 3.304858 0.080784
0.286076 3.241386 0.073089
0.286684 3.225464 0.081168
0.287292 3.340254 0.075860
0.287900 3.196784 0.075487
0.288508 3.238006 0.074985
0.289116 3.307893 0.075953
0.289723 3.093078 0.068234
0.290331 3.263327 0.076061
0.290939 3.047858 0.074822
0.291547 3.284976 0.074858
0.292155 3.184635 0.074930
0.292763 3.236280 0.074265
0.293371 3.141190 0.070498
0.293979 3.183487 0.074403
0.294587 3.202101 0.076852
0.295195 3.297017 0.068923
0.295803 3.173934 0.072447
0.296410 3.276783 0.070379
0.297018 3.256285 0.068503
0.297626 3.117274 0.073160
0.298234 3.218760 0.078658
0.298842 3.235962 0.074227
0.299450 3.177995 0.070678
0.300058 3.367402 0.074410
0.300666 3.269317 0.075586
0.301274 3.113336 0.070692
0.301881 3.221469 0.072958
0.302489 3.103284 0.083748
0.303097 3.281023 0.105612
0.303705 3.290671 0.213728
0.304313 3.359984 0.135286
0.304921 3.292649 0.271440
0.305529 3.301380 0.156179
0.306137 3.162259 0.069321
0.306745 3.171245 0.117846
0.307353 3.170423 0.069476
0.307960 3.185316 0.068014
0.308568 3.223983 0.075913
0.309176 3.127762 0.074564
0.309784 3.242277 0.065947
0.310392 3.253624 0.067378
0.311000 3.087417 0.063271
0.311608 3.299530 0.066147
0.312216 3.294456 0.066871
0.312823 3.238769 0.065523
0.313431 3.326824 0.065878
0.314039 3.235037 0.074059
0.314647 3.210568 0.102214
0.315255 3.540534 0.094609
0.315863 3.455574 0.083726
0.316471 3.437268 0.092118
0.317079 3.364795 0.086543
0.317686 3.391167 0.105580
0.318294 3.452483 0.102929
0.318902 3.468860 0.133872
0.319510 3.301481 0.150474
0.320118 3.183178 0.274975
