0.010641 77.749739 2.567162
0.011250 91.444607 3.112949
0.011858 88.139951 2.861182
0.012466 86.293815 1.161006
0.013074 83.143883 1.378859
0.013682 90.799727 1.461299
0.014290 88.416034 1.318832
0.014898 88.406776 1.476755
0.015506 90.054034 1.026400
0.016114 89.046524 0.988640
0.016722 88.217723 1.385482
0.017330 89.284053 1.238767
0.017938 89.618754 0.809105
0.018546 89.243236 1.258763
0.019155 86.964770 0.870378
0.019763 86.726559 0.842451
0.020371 86.315492 0.734313
0.020979 84.391473 0.853761
0.021587 85.429606 0.653811
0.022195 84.800073 0.985990
0.022803 84.750851 0.653442
0.023411 83.592966 0.630298
0.024019 83.899230 0.494329
0.024627 82.713881 0.573874
0.025235 82.553826 0.450036
0.025843 82.040075 0.474461
0.026452 81.633778 0.573352
0.027060 80.891873 0.558726
0.027668 79.186498 0.505839
0.028276 77.885120 0.456095
0.028884 78.493893 0.476948
0.029492 77.790317 0.478312
0.030100 77.582020 0.527133
0.030708 77.617365 0.453923
0.031316 75.786574 0.553524
0.031924 75.996837 0.375497
0.032532 74.917135 0.481209
0.033140 74.938303 0.487493
0.033748 74.299181 0.455245
0.034357 72.826810 0.388046
0.034965 72.859644 0.458919
0.035573 71.156476 0.359981
0.036181 71.312791 0.449276
0.036789 70.342580 0.438317
0.037397 69.105891 0.423818
0.038005 68.028709 0.363974
0.038613 68.010235 0.415714
0.039221 67.111304 0.429513
0.039829 67.144593 0.327788
0.040437 65.748238 0.378630
0.041045 65.788602 0.410397
0.041654 64.577894 0.364039
0.042262 63.822268 0.316362
0.042870 62.229707 0.313839
0.043478 61.751585 0.363549
0.044086 60.728913 0.378770
0.044694 60.533474 0.327154
0.045302 59.265044 0.351869
0.045910 58.863156 0.406759
0.046518 57.407027 0.323918
0.047126 57.051553 0.325727
0.047734 56.067767 0.324744
0.048342 55.045367 0.322044
0.048950 54.273711 0.275532
0.049559 53.683683 0.319869
0.050167 52.656021 0.307311
0.050775 52.279649 0.331570
0.051383 51.449451 0.261211
0.051991 50.710366 0.367369
0.052599 50.116422 0.279032
0.053207 49.149723 0.330953
0.053815 48.585871 0.281197
0.054423 47.817972 0.319815
0.055031 47.078115 0.312279
0.055639 46.320798 0.257898
0.056247 45.815905 0.295778
0.056855 45.371952 0.320370
0.057463 44.111009 0.291021
0.058072 43.516494 0.268366
0.058680 42.745980 0.287778
0.059288 41.909150 0.291738
0.059896 40.837566 0.272917
0.060504 40.642361 0.265569
0.061112 39.649317 0.267557
0.061720 38.930177 0.236585
0.062328 38.420382 0.297933
0.062936 37.446222 0.241526
0.063544 37.125149 0.260185
0.064152 36.101773 0.238012
0.064760 35.408967 0.245164
0.065368 34.676242 0.237638
0.065977 33.791455 0.242609
0.066585 33.536226 0.280024
0.067193 32.344792 0.242764
0.067801 32.262051 0.247814
0.068409 31.599050 0.233062
0.069017 31.012251 0.198076
0.069625 30.483804 0.240832
0.070233 29.544630 0.230850
0.070841 29.406729 0.230086
0.071449 28.245941 0.221470
0.072057 27.772790 0.242824
0.072665 27.467330 0.242793
0.073273 26.817996 0.251258
0.073881 26.227375 0.238919
0.074490 25.412714 0.231117
0.075098 24.985929 0.236988
0.075706 24.639243 0.213225
0.076314 23.980382 0.212049
0.076922 23.750708 0.212771
0.077530 23.075408 0.206185
0.078138 22.155965 0.187450
0.078746 21.995218 0.207598
0.079354 21.615769 0.190915
0.079962 21.319875 0.189681
0.080570 20.524624 0.210480
0.081178 20.329309 0.185142
0.081786 19.830975 0.199207
0.082394 19.573552 0.193639
0.083002 19.201881 0.200524
0.083611 18.783153 0.201079
0.084219 18.288881 0.177708
0.084827 17.863589 0.177154
0.085435 17.020566 0.186754
0.086043 16.649966 0.189595
0.086651 16.205561 0.184769
0.087259 16.176233 0.199267
0.087867 16.071186 0.176945
0.088475 15.037446 0.179281
0.089083 14.938793 0.181429
0.089691 14.864307 0.195815
0.090299 14.324893 0.166007
0.090907 14.257597 0.181335
0.091515 13.697922 0.174057
0.092123 13.423440 0.188014
0.092732 13.074461 0.164858
0.093340 12.972152 0.185462
0.093948 12.686140 0.159942
0.094556 12.388178 0.180007
0.095164 11.990573 0.170146
0.095772 11.209359 0.167252
0.096380 10.937633 0.164864
0.096988 11.147153 0.165199
0.097596 10.447180 0.156651
0.098204 10.732024 0.162443
0.098812 10.099926 0.158478
0.099420 10.021110 0.148888
0.100028 9.476853 0.164141
0.100636 9.550188 0.150232
0.101244 9.219237 0.158533
0.101852 9.185786 0.137159
0.102461 9.228765 0.173616
0.103069 9.089414 0.151929
0.103677 8.905520 0.179888
0.104285 8.728052 0.164904
0.104893 8.223293 0.142601
0.105501 8.317512 0.157445
0.106109 8.245613 0.160134
0.106717 8.009906 0.150386
0.107325 8.093769 0.147292
0.107933 7.582788 0.148044
0.108541 7.694186 0.135768
0.109149 7.160083 0.153713
0.109757 7.375034 0.156552
0.110365 7.252533 0.143664
0.110973 6.879862 0.154114
0.111581 7.015203 0.154240
0.112189 6.975822 0.143897
0.112798 6.876171 0.146777
0.113406 6.593557 0.144762
0.114014 6.489070 0.140228
0.114622 6.102416 0.125923
0.115230 6.468829 0.132737
0.115838 6.189483 0.135703
0.116446 6.266984 0.145974
0.117054 6.126766 0.145649
0.117662 5.824207 0.134774
0.118270 5.913198 0.141669
0.118878 6.106933 0.133815
0.119486 5.851071 0.137754
0.120094 5.866196 0.141857
0.120702 5.718856 0.375842
0.121310 5.705127 0.984604
0.121918 5.852024 0.726904
0.122526 5.712679 0.785401
0.123134 5.684445 0.372028
0.123742 5.730156 0.230512
0.124351 5.662066 0.134165
0.124959 5.529289 0.131068
0.125567 5.474518 0.138735
0.126175 5.159317 0.131208
0.126783 5.187386 0.137293
0.127391 5.080991 0.135553
0.127999 5.038897 0.134449
0.128607 5.064799 0.140642
0.129215 5.392496 0.130180
0.129823 5.312004 0.128274
0.130431 5.218019 0.137715
0.131039 5.237219 0.120247
0.131647 5.181968 0.132041
0.132255 4.684861 0.144135
0.132863 5.074429 0.133000
0.133471 5.026171 0.131432
0.134079 4.951134 0.129588
0.134687 4.769677 0.133127
0.135295 4.725369 0.122309
0.135903 4.721892 0.133225
0.136511 5.062651 0.134663
0.137119 4.941380 0.129548
0.137728 4.934719 0.133651
0.138336 4.955894 0.131073
0.138944 5.068244 0.261817
0.139552 4.928986 0.127778
0.140160 4.895571 0.137825
0.140768 4.986563 0.127192
0.141376 5.084361 0.131052
0.141984 4.850755 0.123980
0.142592 4.986263 0.135553
0.143200 4.834000 0.125820
0.143808 5.042949 0.138241
0.144416 4.773781 0.124197
0.145024 4.715935 0.114608
0.145632 4.911565 0.123984
0.146240 4.781999 0.123449
0.146848 4.927114 0.128478
0.147456 4.610694 0.123267
0.148064 4.657482 0.115633
0.148672 4.751606 0.128658
0.149280 4.821301 0.130859
0.149888 4.583476 0.118662
0.150496 4.947418 0.120951
0.151104 4.853614 0.110359
0.151712 4.940911 0.127866
0.152320 4.898390 0.125588
0.152928 4.700793 0.130781
0.153537 4.674239 0.115736
0.154145 4.520132 0.121296
0.154753 4.752459 0.123456
0.155361 4.653277 0.114865
0.155969 4.781229 0.113659
0.156577 4.594432 0.105938
0.157185 4.652073 0.111018
0.157793 4.532907 0.115066
0.158401 4.524050 0.117072
0.159009 4.330123 0.113607
0.159617 4.482819 0.114119
0.160225 4.731453 0.119628
0.160833 4.571667 0.115079
0.161441 4.568036 0.122960
0.162049 4.563333 0.107925
0.162657 4.305867 0.111508
0.163265 4.565492 0.123534
0.163873 4.363980 0.114690
0.164481 4.602413 0.110364
0.165089 4.609420 0.109689
0.165697 4.612552 0.115871
0.166305 4.598323 0.108148
0.166913 4.653544 0.112139
0.167521 4.661351 0.109162
0.168129 4.668067 0.105864
0.168737 4.782285 0.104415
0.169345 4.730636 0.109896
0.169953 4.538674 0.113295
0.170561 4.589191 0.119534
0.171169 4.346802 0.111771
0.171777 4.502261 0.111567
0.172385 4.205890 0.114773
0.172993 4.443198 0.108323
0.173601 4.262769 0.106661
0.174209 4.204949 0.102220
0.174817 4.305047 0.103062
0.175425 4.335686 0.104798
0.176033 4.292726 0.107395
0.176641 4.048017 0.110939
0.177250 4.079915 0.107302
0.177858 4.050749 0.108919
0.178466 4.080599 0.105841
0.179074 3.909801 0.108559
0.179682 4.100595 0.104923
0.180290 4.249773 0.117553
0.180898 3.985681 0.101353
0.181506 4.109756 0.102969
0.182114 4.138866 0.111348
0.182722 4.028941 0.110280
0.183330 4.026943 0.104132
0.183938 4.035188 0.112582
0.184546 3.998390 0.103412
0.185154 4.246019 0.118256
0.185762 4.042709 0.110638
0.186370 4.042722 0.105124
0.186978 3.873404 0.104238
0.187586 3.936036 0.104459
0.188194 3.846026 0.103455
0.188802 3.503474 0.692942
0.189410 3.878717 0.109305
0.190018 3.803100 0.532872
0.190626 3.862313 0.106530
0.191234 3.792488 0.114669
0.191842 3.937265 0.099933
0.192450 3.774353 0.108986
0.193058 3.841463 0.104213
0.193666 3.759093 0.101138
0.194274 3.774106 0.102838
0.194882 3.670387 0.097134
0.195490 3.629637 0.099062
0.196098 3.665768 0.103369
0.196706 3.661242 0.098782
0.197314 3.714329 0.100083
0.197922 3.492805 0.105610
0.198530 3.921077 0.098228
0.199138 3.517376 0.103416
0.199746 3.428013 0.100383
0.200354 3.498510 0.102021
0.200962 3.336209 0.099689
0.201570 3.413698 0.099798
0.202178 3.386809 0.100403
0.202786 3.403076 0.100229
0.203394 3.491524 0.096830
0.204002 3.360396 0.093647
0.204610 3.263422 0.098765
0.205218 3.384219 0.100280
0.205826 3.477072 0.098615
0.206434 3.233127 0.093024
0.207042 3.483628 0.101155
0.207650 3.110501 0.097283
0.208258 3.144107 0.098452
0.208866 3.061016 0.096150
0.209474 3.123986 0.097340
0.210082 3.135735 0.093510
0.210690 3.125553 0.095048
0.211298 3.071954 0.092427
0.211906 3.168684 0.091356
0.212514 3.137093 0.096469
0.213122 3.184642 0.099864
0.213730 3.076902 0.096155
0.214338 3.092051 0.090408
0.214946 3.024152 0.093381
0.215554 3.094692 0.093042
0.216162 2.921637 0.090456
0.216770 3.081070 0.097965
0.217378 3.077630 0.091490
0.217986 2.804364 0.093628
0.218594 3.094849 0.095663
0.219202 2.868039 0.088652
0.219810 2.791967 0.098801
0.220418 2.744783 0.088840
0.221025 2.756446 0.094097
0.221633 2.679847 0.088548
0.222241 2.641435 0.095417
0.222849 2.723549 0.085675
0.223457 2.586400 0.092912
0.224065 2.699475 0.087875
0.224673 2.681460 0.087885
0.225281 2.690755 0.093529
0.225889 2.749542 0.090364
0.226497 2.487955 0.091358
0.227105 2.759892 0.095054
0.227713 2.781399 0.089591
0.228321 2.730414 0.088155
0.228929 2.662255 0.092636
0.229537 2.543962 0.087480
0.230145 2.656918 0.089391
0.230753 2.525192 0.092162
0.231361 2.665216 0.096475
0.231969 2.664191 0.087076
0.232577 2.529257 0.087374
0.233185 2.527330 0.088923
0.233793 2.642738 0.087002
0.234401 2.340744 0.090813
0.235009 2.509409 0.087408
0.235617 2.461226 0.113033
0.236225 2.247385 0.154070
0.236833 2.397713 0.091759
0.237441 2.345318 0.089997
0.238049 2.267758 0.088291
0.238657 2.460496 0.089747
0.239265 2.334833 0.089450
0.239873 2.437464 0.085520
0.240481 2.412726 0.090443
0.241089 2.466521 0.086027
0.241697 2.401197 0.093714
0.242304 2.417971 0.101006
0.242912 2.452066 0.090099
0.243520 2.251966 0.091160
0.244128 2.384572 0.093315
0.244736 2.371786 0.089401
0.245344 2.341503 0.086620
0.245952 2.275206 0.081289
0.246560 2.206718 0.083868
0.247168 2.102849 0.088698
0.247776 2.119613 0.080541
0.248384 2.207841 0.145117
0.248992 2.212575 0.201660
0.249600 2.059234 0.095960
0.250208 2.307712 0.086057
0.250816 2.199771 0.093149
0.251424 2.251236 0.082515
0.252032 2.344174 0.086901
0.252640 2.214557 0.170550
0.253248 2.220992 0.082747
0.253856 2.127727 0.082987
0.254464 2.226845 0.088809
0.255072 2.190115 0.090665
0.255679 2.123751 0.093918
0.256287 2.187834 0.102212
0.256895 2.130341 0.085520
0.257503 2.138202 0.085278
0.258111 1.901588 0.083953
0.258719 1.991092 0.083034
0.259327 2.024517 0.083395
0.259935 2.046880 0.085399
0.260543 1.964964 0.079515
0.261151 2.072365 0.082863
0.261759 2.157324 0.082108
0.262367 2.275947 0.081753
0.262975 2.169448 0.080703
0.263583 2.213493 0.085144
0.264191 2.102990 0.101044
0.264799 1.997598 0.082206
0.265407 2.004645 0.191192
0.266014 1.990811 0.081504
0.266622 2.126766 0.097786
0.267230 1.909844 0.106886
0.267838 1.950558 0.081893
0.268446 1.911550 0.081953
0.269054 2.067905 0.133574
0.269662 2.017974 0.082902
0.270270 1.967744 0.083437
0.270878 2.232821 0.079888
0.271486 1.953554 0.083065
0.272094 2.186724 0.077543
0.272702 1.831051 0.081654
0.273310 1.993981 0.077897
0.273918 1.892714 0.081139
0.274526 1.923100 0.081896
0.275133 1.858467 0.078863
0.275741 1.848170 0.079400
0.276349 1.872500 0.078915
0.276957 1.714485 0.077816
0.277565 2.057175 0.077087
0.278173 1.920607 0.097502
0.278781 1.842817 0.285229
0.279389 1.866045 0.448313
0.279997 1.878471 0.355012
0.280605 1.743709 0.224137
0.281213 1.883731 0.186928
0.281821 1.702797 0.094495
0.282429 1.934751 0.078030
0.283036 1.750465 0.078335
0.283644 1.769741 0.079966
0.284252 1.892086 0.076098
0.284860 1.781937 0.078148
0.285468 1.856529 0.081619
0.286076 1.820008 0.072877
0.286684 1.844853 0.073279
0.287292 1.912670 0.075573
0.287900 1.765143 0.075656
0.288508 1.897368 0.072922
0.289116 1.771246 0.079616
0.289723 1.876017 0.072327
0.290331 1.992684 0.071487
0.290939 1.878727 0.074335
0.291547 1.886790 0.073918
0.292155 1.790471 0.074158
0.292763 1.961347 0.077633
0.293371 1.788220 0.072987
0.293979 1.795404 0.075148
0.294587 1.819548 0.071931
0.295195 1.922070 0.072404
0.295803 1.924378 0.069788
0.296410 2.037986 0.073400
0.297018 1.882630 0.073672
0.297626 1.882278 0.074075
0.298234 1.952631 0.074705
0.298842 1.900544 0.072913
0.299450 1.765487 0.071690
0.300058 1.816815 0.071177
0.300666 1.865149 0.067652
0.301274 1.951203 0.071662
0.301881 1.892678 0.075744
0.302489 1.847726 0.070820
0.303097 2.007802 0.069935
0.303705 1.872037 0.067632
0.304313 1.931497 0.067529
0.304921 1.898670 0.070949
0.305529 1.861221 0.069837
0.306137 1.883599 0.066506
0.306745 1.805369 0.067012
0.307353 1.822449 0.067838
0.307960 1.885316 0.067434
0.308568 1.826409 0.069067
0.309176 1.849998 0.068386
0.309784 1.866138 0.063488
0.310392 1.805465 0.069628
0.311000 1.732941 0.068268
0.311608 1.711229 0.066422
0.312216 1.815764 0.066045
0.312823 1.874212 0.063812
0.313431 1.827753 0.064459
0.314039 1.810043 0.071066
0.314647 1.884241 0.074584
0.315255 1.793863 0.084585
0.315863 1.850206 0.085740
0.316471 1.983903 0.090734
0.317079 1.871969 0.097993
0.317686 2.148596 0.104900
0.318294 1.768611 0.110892
0.318902 1.983926 0.138893
0.319510 1.595839 0.150348
0.320118 1.720627 0.257968
