0.010641 17.635791 1.046068
0.011250 16.285702 1.134941
0.011858 19.641789 2.006997
0.012466 18.752998 1.583516
0.013074 23.537886 2.579098
0.013682 19.869120 1.151372
0.014290 22.722015 1.157939
0.014898 18.768818 0.979772
0.015506 19.024825 0.966736
0.016114 17.268774 1.158925
0.016722 18.474893 0.986901
0.017330 16.555660 1.056539
0.017938 16.649064 0.806026
0.018546 17.008474 0.881990
0.019155 16.499310 0.717596
0.019763 16.426186 0.667174
0.020371 17.281494 0.430419
0.020979 16.914363 0.649603
0.021587 17.351024 0.587868
0.022195 18.289162 0.814396
0.022803 16.598728 0.457496
0.023411 17.422503 0.551429
0.024019 16.673523 0.420367
0.024627 17.102128 0.522470
0.025235 17.472699 0.397465
0.025843 16.587999 0.506209
0.026452 16.208893 0.481370
0.027060 16.307360 0.407993
0.027668 16.576554 0.396273
0.028276 15.634664 0.357550
0.028884 16.051410 0.348266
0.029492 15.730034 0.397024
0.030100 15.346134 0.407237
0.030708 15.505464 0.297243
0.031316 15.004569 0.307024
0.031924 15.925416 0.271321
0.032532 15.298418 0.328934
0.033140 14.922645 0.284247
0.033748 14.774286 0.355165
0.034357 14.500456 0.301835
0.034965 14.532706 0.403406
0.035573 15.005229 0.321754
0.036181 14.750828 0.331272
0.036789 14.273410 0.299262
0.037397 14.221415 0.303441
0.038005 13.765871 0.342627
0.038613 13.912732 0.299391
0.039221 13.693776 0.348490
0.039829 13.115466 0.341074
0.040437 13.692039 0.295302
0.041045 13.247764 0.296787
0.041654 12.923955 0.260195
0.042262 12.911372 0.292770
0.042870 12.504407 0.309028
0.043478 12.754677 0.288727
0.044086 12.727015 0.294848
0.044694 12.494089 0.333196
0.045302 11.961234 0.224967
0.045910 11.709910 0.318166
0.046518 12.155221 0.246949
0.047126 11.765711 0.253085
0.047734 11.607316 0.243693
0.048342 11.687589 0.239649
0.048950 11.382270 0.232116
0.049559 11.519035 0.271241
0.050167 11.358117 0.230196
0.050775 11.356113 0.230362
0.051383 10.877019 0.217596
0.051991 10.933352 0.240762
0.052599 10.692379 0.244471
0.053207 10.231043 0.224973
0.053815 9.957890 0.209376
0.054423 10.095051 0.248512
0.055031 9.968160 0.227242
0.055639 9.490775 0.230455
0.056247 9.544682 0.235363
0.056855 9.085997 0.237508
0.057463 9.602334 0.243039
0.058072 8.934059 0.210725
0.058680 9.204246 0.432004
0.059288 9.293510 0.217907
0.059896 9.212315 0.352071
0.060504 8.916562 0.245017
0.061112 8.702418 0.221061
0.061720 8.055450 0.193135
0.062328 8.386506 0.235908
0.062936 8.005508 0.222444
0.063544 8.509743 0.335109
0.064152 8.075845 0.245264
0.064760 8.178123 0.439813
0.065368 7.695004 0.303354
0.065977 7.580185 0.222323
0.066585 7.036050 0.201853
0.067193 7.253625 0.210414
0.067801 7.060483 0.207764
0.068409 7.295768 0.197264
0.069017 7.252960 0.233259
0.069625 7.142687 0.212478
0.070233 6.926340 0.204572
0.070841 6.398938 0.193286
0.071449 6.357562 0.208680
0.072057 6.108891 0.184190
0.072665 5.890046 0.192957
0.073273 5.661912 0.183934
0.073881 5.709531 0.173870
0.074490 5.415926 0.163407
0.075098 5.675676 0.184275
0.075706 5.501863 0.169901
0.076314 5.898092 0.205965
0.076922 5.144278 0.177490
0.077530 5.202176 0.186980
0.078138 5.105931 0.171699
0.078746 4.942613 0.180489
0.079354 5.127374 0.183966
0.079962 5.172760 0.162263
0.080570 4.764797 0.163776
0.081178 5.171833 0.167127
0.081786 4.734613 0.172803
0.082394 4.673417 0.177157
0.083002 4.986592 0.173378
0.083611 4.583627 0.166279
0.084219 4.498928 0.181993
0.084827 4.378774 0.154253
0.085435 4.179876 0.170005
0.086043 4.050632 0.172328
0.086651 4.102508 0.155358
0.087259 3.899365 0.162088
0.087867 4.158080 0.146712
0.088475 3.912097 0.170088
0.089083 3.755577 0.168709
0.089691 3.308676 0.160582
0.090299 3.594634 0.160233
0.090907 3.040057 0.168031
0.091515 3.573416 0.156693
0.092123 3.747907 0.155970
0.092732 3.534783 0.158450
0.093340 3.623846 0.153664
0.093948 3.500770 0.171952
0.094556 3.640615 0.176187
0.095164 2.948357 0.150094
0.095772 3.200920 0.159351
0.096380 3.282065 0.158725
0.096988 3.044620 0.171271
0.097596 3.246664 0.143817
0.098204 2.981857 0.142911
0.098812 3.092666 0.161034
0.099420 3.313307 0.146364
0.100028 2.830192 0.177207
0.100636 3.254044 0.155829
0.101244 3.016624 0.156423
0.101852 3.156834 0.147568
0.102461 2.754512 0.159540
0.103069 3.035869 0.152781
0.103677 2.595599 0.152821
0.104285 2.782922 0.134563
0.104893 2.522102 0.139771
0.105501 2.599851 0.145749
0.106109 2.561861 0.143330
0.106717 2.392790 0.130070
0.107325 2.296698 0.133771
0.107933 2.236715 0.140679
0.108541 2.261060 0.151613
0.109149 2.208275 0.147351
0.109757 2.289592 0.138683
0.110365 2.390875 0.123142
0.110973 1.960489 0.138618
0.111581 2.283182 0.138445
0.112189 2.237968 0.134351
0.112798 2.638956 0.140732
0.113406 2.178157 0.224225
0.114014 2.437963 0.147771
0.114622 2.317189 0.225366
0.115230 2.420149 0.152840
0.115838 2.329858 0.454526
0.116446 2.021898 0.345993
0.117054 2.358499 0.131875
0.117662 2.138540 0.128403
0.118270 2.301805 0.133885
0.118878 2.229513 0.122597
0.119486 2.024546 0.124718
0.120094 2.019071 0.131294
0.120702 1.866456 0.125059
0.121310 1.953192 0.126397
0.121918 1.835204 0.134164
0.122526 2.019942 0.122893
0.123134 2.006867 0.135526
0.123742 1.999483 0.135351
0.124351 2.165074 0.192762
0.124959 1.880703 0.148520
0.125567 2.029976 0.435851
0.126175 1.874069 0.337704
0.126783 1.695489 0.123891
0.127391 1.855171 0.162891
0.127999 1.648099 0.130930
0.128607 1.919921 0.139719
0.129215 1.890001 0.122215
0.129823 1.724854 0.142204
0.130431 1.762680 0.128149
0.131039 1.843559 0.123188
0.131647 1.997364 0.121045
0.132255 1.864884 0.131142
0.132863 1.930186 0.134663
0.133471 1.923229 0.125501
0.134079 1.910727 0.129976
0.134687 2.030877 0.135236
0.135295 1.750719 0.117091
0.135903 1.909314 0.134345
0.136511 1.999987 0.126024
0.137119 1.965758 0.125305
0.137728 1.859843 0.125964
0.138336 1.872767 0.122441
0.138944 1.858231 0.127281
0.139552 1.986314 0.129301
0.140160 2.199087 0.122714
0.140768 1.979335 0.127200
0.141376 1.869846 0.124536
0.141984 1.969841 0.121623
0.142592 1.970949 0.129305
0.143200 1.863943 0.124368
0.143808 1.820784 0.130410
0.144416 2.022206 0.122316
0.145024 1.904009 0.120857
0.145632 1.787407 0.124212
0.146240 1.949835 0.116995
0.146848 1.947035 0.114038
0.147456 1.897768 0.120949
0.148064 1.943392 0.111677
0.148672 2.052153 0.111777
0.149280 1.978890 0.119378
0.149888 2.017779 0.111292
0.150496 2.036808 0.116174
0.151104 1.676986 0.125394
0.151712 1.778233 0.118095
0.152320 1.715654 0.114249
0.152928 1.789798 0.112449
0.153537 1.865190 0.120129
0.154145 1.781703 0.110786
0.154753 1.697755 0.111465
0.155361 1.705166 0.110359
0.155969 1.841270 0.109526
0.156577 1.918327 0.111974
0.157185 1.830769 0.102629
0.157793 1.780329 0.109322
0.158401 1.880468 0.111475
0.159009 1.695186 0.105322
0.159617 1.921407 0.112276
0.160225 2.076109 0.111188
0.160833 1.722627 0.107200
0.161441 1.685700 0.113892
0.162049 1.723123 0.106613
0.162657 1.760187 0.112989
0.163265 1.812223 0.110269
0.163873 2.073445 0.110646
0.164481 1.823297 0.108734
0.165089 1.909095 0.106433
0.165697 1.899480 0.116308
0.166305 1.685918 0.100191
0.166913 1.653664 0.102399
0.167521 1.582141 0.110731
0.168129 1.597369 0.101198
0.168737 1.786468 0.107433
0.169345 1.745539 0.104246
0.169953 1.880463 0.111918
0.170561 1.891257 0.114687
0.171169 1.796004 0.283224
0.171777 1.648562 0.160895
0.172385 1.817311 0.109200
0.172993 1.655864 0.109296
0.173601 1.667340 0.113766
0.174209 1.629259 0.123787
0.174817 1.579969 0.185991
0.175425 1.566170 0.179692
0.176033 1.567263 0.110164
0.176641 1.703323 0.108962
0.177250 1.839256 0.111866
0.177858 2.012494 0.110185
0.178466 1.729502 0.106056
0.179074 1.940375 0.106860
0.179682 1.784395 0.107488
0.180290 1.648194 0.112282
0.180898 1.737344 0.116203
0.181506 1.772265 0.116781
0.182114 1.584784 0.104230
0.182722 1.496489 0.107463
0.183330 1.735891 0.101888
0.183938 1.740970 0.099711
0.184546 1.767773 0.099540
0.185154 1.560793 0.110526
0.185762 1.648991 0.101517
0.186370 1.368252 0.147949
0.186978 1.681347 0.172694
0.187586 1.391065 0.297782
0.188194 1.524728 0.469090
0.188802 1.490003 0.101682
0.189410 1.650215 0.103985
0.190018 1.614976 0.094893
0.190626 1.619162 0.104825
0.191234 1.732252 0.100051
0.191842 1.764450 0.095863
0.192450 1.624701 0.100520
0.193058 1.717254 0.096688
0.193666 1.495084 0.095165
0.194274 1.566531 0.099762
0.194882 1.569842 0.105073
0.195490 1.589423 0.107814
0.196098 1.633017 0.100837
0.196706 1.632098 0.092260
0.197314 1.643483 0.097857
0.197922 1.656655 0.117484
0.198530 1.651954 0.103178
0.199138 1.625209 0.097986
0.199746 1.765782 0.100005
0.200354 1.673574 0.093968
0.200962 1.872389 0.097332
0.201570 1.740152 0.095631
0.202178 1.802148 0.096178
0.202786 1.784378 0.094760
0.203394 1.478918 0.100684
0.204002 1.486277 0.101724
0.204610 1.502467 0.097296
0.205218 1.578879 0.095097
0.205826 1.623525 0.117359
0.206434 1.430914 0.092750
0.207042 1.399779 0.124391
0.207650 1.298255 0.117993
0.208258 1.273190 0.100606
0.208866 1.358216 0.101620
0.209474 1.452201 0.096428
0.210082 1.660444 0.098448
0.210690 1.692459 0.102897
0.211298 1.455691 0.089756
0.211906 1.730508 0.094636
0.212514 1.311538 0.095161
0.213122 1.358443 0.098393
0.213730 1.213758 0.110589
0.214338 1.234085 0.092680
0.214946 1.218235 0.157313
0.215554 1.328434 0.094500
0.216162 1.454859 0.127940
0.216770 1.480746 0.384899
0.217378 1.611576 0.222010
0.217986 1.221202 0.092053
0.218594 1.455102 0.134155
0.219202 1.371805 0.107745
0.219810 1.417927 0.164401
0.220418 1.382000 0.119542
0.221025 1.543126 0.205107
0.221633 1.515250 0.167393
0.222241 1.443429 0.119074
0.222849 1.516938 0.096214
0.223457 1.218020 0.091183
0.224065 1.428404 0.090606
0.224673 1.227455 0.105998
0.225281 1.471789 0.087872
0.225889 1.338577 0.085352
0.226497 1.465600 0.156211
0.227105 1.426510 0.093608
0.227713 1.340835 0.090212
0.228321 1.387963 0.088875
0.228929 1.253498 0.088305
0.229537 1.422992 0.086036
0.230145 1.241755 0.088263
0.230753 1.269394 0.092290
0.231361 1.392992 0.087958
0.231969 1.245156 0.088004
0.232577 1.380164 0.091324
0.233185 1.334581 0.088156
0.233793 1.170294 0.086935
0.234401 1.287960 0.092931
0.235009 1.157329 0.084368
0.235617 1.203766 0.090930
0.236225 1.272564 0.085659
0.236833 1.202470 0.112701
0.237441 1.315049 0.090557
0.238049 1.245746 0.093069
0.238657 1.336941 0.085152
0.239265 1.207976 0.084312
0.239873 1.387179 0.083374
0.240481 1.369032 0.088699
0.241089 1.331725 0.084832
0.241697 1.255908 0.088135
0.242304 1.217074 0.082973
0.242912 1.276184 0.087214
0.243520 1.177923 0.086478
0.244128 1.233895 0.085571
0.244736 1.197763 0.087432
0.245344 1.213234 0.085307
0.245952 1.114123 0.086658
0.246560 1.268426 0.082329
0.247168 1.231248 0.085849
0.247776 1.143205 0.083528
0.248384 1.360480 0.089297
0.248992 1.244214 0.089337
0.249600 1.143163 0.084921
0.250208 1.252366 0.083475
0.250816 1.220055 0.088585
0.251424 1.252024 0.086443
0.252032 1.172247 0.085486
0.252640 1.081592 0.087985
0.253248 1.058486 0.081054
0.253856 1.146045 0.085164
0.254464 1.128396 0.087197
0.255072 1.098147 0.084055
0.255679 0.986758 0.081450
0.256287 1.043451 0.085800
0.256895 0.994217 0.084930
0.257503 1.124643 0.083560
0.258111 1.227913 0.078807
0.258719 1.227933 0.077449
0.259327 1.139962 0.083387
0.259935 1.174435 0.081805
0.260543 1.197327 0.080415
0.261151 1.199777 0.081526
0.261759 1.110814 0.085214
0.262367 1.120205 0.076266
0.262975 1.269290 0.089031
0.263583 1.215312 0.082483
0.264191 1.214522 0.158977
0.264799 1.163115 0.092694
0.265407 1.058305 0.082744
0.266014 1.214096 0.092373
0.266622 1.129360 0.080491
0.267230 1.208314 0.081421
0.267838 1.149439 0.090538
0.268446 1.212086 0.080720
0.269054 1.324218 0.090206
0.269662 1.201157 0.077171
0.270270 1.253088 0.077184
0.270878 1.129812 0.081667
0.271486 1.363147 0.076649
0.272094 1.258545 0.080933
0.272702 1.217473 0.083466
0.273310 1.276336 0.079886
0.273918 1.127451 0.078759
0.274526 1.177728 0.078203
0.275133 1.154061 0.078837
0.275741 1.323118 0.077430
0.276349 1.337605 0.083163
0.276957 1.123088 0.076152
0.277565 1.255449 0.079636
0.278173 1.225088 0.078375
0.278781 1.056041 0.083692
0.279389 1.167222 0.079141
0.279997 1.076933 0.081935
0.280605 1.061033 0.075738
0.281213 1.043186 0.083684
0.281821 1.051594 0.079564
0.282429 0.998645 0.084185
0.283036 1.065761 0.078682
0.283644 0.965589 0.076679
0.284252 1.008435 0.076272
0.284860 0.870512 0.078756
0.285468 1.026100 0.081942
0.286076 1.089856 0.069780
0.286684 1.015814 0.077639
0.287292 1.020999 0.075281
0.287900 1.073358 0.072659
0.288508 1.045405 0.071563
0.289116 1.043056 0.073439
0.289723 0.975536 0.070026
0.290331 1.121993 0.074328
0.290939 1.159238 0.074161
0.291547 1.056703 0.070926
0.292155 0.997666 0.072679
0.292763 0.947874 0.073896
0.293371 0.942983 0.073975
0.293979 0.980671 0.074295
0.294587 0.996504 0.072538
0.295195 0.940722 0.072648
0.295803 0.932749 0.070558
0.296410 0.886353 0.072380
0.297018 0.964732 0.068995
0.297626 1.051010 0.068423
0.298234 0.997109 0.070617
0.298842 1.133092 0.066028
0.299450 1.154528 0.068917
0.300058 0.980863 0.069787
0.300666 1.030334 0.069380
0.301274 0.976921 0.069482
0.301881 0.889997 0.071288
0.302489 1.035758 0.068100
0.303097 1.034465 0.118036
0.303705 1.033452 0.076440
0.304313 0.949385 0.066664
0.304921 0.982726 0.069776
0.305529 0.921327 0.065722
0.306137 1.107567 0.068275
0.306745 1.047267 0.063723
0.307353 1.042785 0.066063
0.307960 0.953242 0.063813
0.308568 1.032205 0.066784
0.309176 0.997212 0.070800
0.309784 1.084850 0.066526
0.310392 1.100709 0.067602
0.311000 1.127321 0.067307
0.311608 1.081953 0.062860
0.312216 1.139170 0.069785
0.312823 1.163590 0.065054
0.313431 1.025473 0.063752
0.314039 0.981275 0.071735
0.314647 1.049852 0.077591
0.315255 1.071202 0.078905
0.315863 1.080299 0.082319
0.316471 1.047492 0.092532
0.317079 0.885310 0.096771
0.317686 0.925659 0.096100
0.318294 1.075841 0.111289
0.318902 0.903552 0.118107
0.319510 1.193598 0.128371
0.320118 0.965879 0.227141
