structures/EXP_TRAP11_GASBOR_56r.pdb	structures/EXP_AT3_GASBOR_84r.pdb

# TRAP-AT

# "A"
structures/EXP_TRAP11_GASBOR_56r.pdb	structures/EXP_AT3_GASBOR_84r.pdb
0.59621244	-0.61516042	-0.51585694
-0.47818356	-0.78824456	0.38731254
-0.64488077	0.01575376	-0.76412081
-23.14628453	24.68316319	46.66461912

# "C" 
structures/EXP_TRAP11_GASBOR_56r.pdb	structures/EXP_AT3_GASBOR_84r.pdb
0.68347817	0.46573521	-0.56209279
0.33759993	-0.88439798	-0.32228325  
-0.64721238	0.03051108	-0.76169889
-19.74921862	-33.95488639	42.61939662

# "E"
structures/EXP_TRAP11_GASBOR_56r.pdb	structures/EXP_AT3_GASBOR_84r.pdb
-0.02710098	0.99895603	0.03677488
0.73830314	0.04480424	-0.67297924
-0.67392434	0.00891261	-0.73874661
22.48040047	-53.40565400	6.47529580

# "G"
structures/EXP_TRAP11_GASBOR_56r.pdb	structures/EXP_AT3_GASBOR_84r.pdb
-0.68424885	0.36884381	0.62909280
0.26344686	0.92942548	-0.25838735
-0.67999946	-0.01106873	-0.73312906
53.12649885	-10.82852270	-20.98202486

# "I"
structures/EXP_TRAP11_GASBOR_56r.pdb	structures/EXP_AT3_GASBOR_84r.pdb
-0.51550206	-0.70054328	0.49345389
-0.53668889	0.71288598	0.45139629
-0.66799900	-0.03213550	-0.74346799
36.49752094	44.26580083	-6.52054445

# AT-TRAP

# "A"
structures/EXP_AT3_GASBOR_84r.pdb structures/EXP_TRAP11_GASBOR_56r.pdb
0.59621246	-0.47818356	-0.64488075
-0.61516041	-0.78824456	0.01575375
-0.51585693	0.38731253	-0.76412082
53.05647546	-9.68559568	20.34196085

# "B"
structures/EXP_AT3_GASBOR_84r.pdb structures/EXP_TRAP11_GASBOR_56r.pdb
0.30921615	0.94603316	0.09698781
0.94457016	-0.31735865	0.08408748
0.11032946	0.06561058	-0.99172711
-12.63418945	18.76841054	41.20307362

# "C" 
structures/EXP_AT3_GASBOR_84r.pdb structures/EXP_TRAP11_GASBOR_56r.pdb
-0.96843198	-0.03900588	-0.24620731
-0.19936246	0.71411766	0.67103694
0.14964660	0.69893813	-0.69935069
-11.53566603	-48.36314015	9.79120427