structures/EXP_TRAP11_GASBOR_56r.pdb	structures/EXP_AT3_GASBOR_84r.pdb

# TRAP-AT

# "A"
structures/EXP_TRAP11_GASBOR_56r.pdb	structures/EXP_AT3_GASBOR_84r.pdb
0.59621244	-0.61516042	-0.51585694
-0.47818356	-0.78824456	0.38731254
-0.64488077	0.01575376	-0.76412081
-23.14628453	24.68316319	46.66461912

# "B"
structures/EXP_TRAP11_GASBOR_56r.pdb	structures/EXP_AT3_GASBOR_84r.pdb
0.76014299	-0.08501068	-0.64417065
-0.09057593	-0.99558804	0.02450431
-0.64341172	0.03971957	-0.76448919
-28.09072646	-5.39258037	50.31676892

# "C" 
structures/EXP_TRAP11_GASBOR_56r.pdb	structures/EXP_AT3_GASBOR_84r.pdb
0.68347817	0.46573521	-0.56209279
0.33759993	-0.88439798	-0.32228325  
-0.64721238	0.03051108	-0.76169889
-19.74921862	-33.95488639	42.61939662

# "D"
structures/EXP_TRAP11_GASBOR_56r.pdb	structures/EXP_AT3_GASBOR_84r.pdb
0.38890647	0.86691023	-0.31179866
0.63965081	-0.49765531	-0.58582082
-0.66302232	0.02838724	-0.74806120
-0.72941686	-51.71394930	26.38493412

# "E"
structures/EXP_TRAP11_GASBOR_56r.pdb	structures/EXP_AT3_GASBOR_84r.pdb
-0.02710098	0.99895603	0.03677488
0.73830314	0.04480424	-0.67297924
-0.67392434	0.00891261	-0.73874661
22.48040047	-53.40565400	6.47529580

# "F"
structures/EXP_TRAP11_GASBOR_56r.pdb	structures/EXP_AT3_GASBOR_84r.pdb
-0.42755771	0.80515585	0.41099691
0.58523667	0.59304912	-0.55298352
-0.68897927	0.00409810	-0.72476946
42.52017493	-37.82934074	-11.96180141

# "G"
structures/EXP_TRAP11_GASBOR_56r.pdb	structures/EXP_AT3_GASBOR_84r.pdb
-0.68424885	0.36884381	0.62909280
0.26344686	0.92942548	-0.25838735
-0.67999946	-0.01106873	-0.73312906
53.12649885	-10.82852270	-20.98202486

# "H"
structures/EXP_TRAP11_GASBOR_56r.pdb	structures/EXP_AT3_GASBOR_84r.pdb
-0.72056209	-0.19991748	0.66394524
-0.16249856	0.97955584	0.11859417
-0.67408048	-0.02243569	-0.73831710
50.94641137	20.02843569	-19.05611168

# "I"
structures/EXP_TRAP11_GASBOR_56r.pdb	structures/EXP_AT3_GASBOR_84r.pdb
-0.51550206	-0.70054328	0.49345389
-0.53668889	0.71288598	0.45139629
-0.66799900	-0.03213550	-0.74346799
36.49752094	44.26580083	-6.52054445

# "J"
structures/EXP_TRAP11_GASBOR_56r.pdb	structures/EXP_AT3_GASBOR_84r.pdb
-0.16807556	-0.97178908	0.16545871
-0.74126262	0.23523895	0.62864327
-0.64983100	-0.01698879	-0.75988884
15.22674909	54.23021461	12.87145228

# "K"
structures/EXP_TRAP11_GASBOR_56r.pdb	structures/EXP_AT3_GASBOR_84r.pdb
0.26112032	-0.94122819	-0.21425612
-0.72163331	-0.33775643	0.60428963
-0.64114081	-0.00317795	-0.76741668
-7.44104231	46.87228538	32.72606891

# AT-TRAP

# "A"
structures/EXP_AT3_GASBOR_84r.pdb structures/EXP_TRAP11_GASBOR_56r.pdb
0.59621246	-0.47818356	-0.64488075
-0.61516041	-0.78824456	0.01575375
-0.51585693	0.38731253	-0.76412082
53.05647546	-9.68559568	20.34196085

# "B"
structures/EXP_AT3_GASBOR_84r.pdb structures/EXP_TRAP11_GASBOR_56r.pdb
0.30921615	0.94603316	0.09698781
0.94457016	-0.31735865	0.08408748
0.11032946	0.06561058	-0.99172711
-12.63418945	18.76841054	41.20307362

# "C" 
structures/EXP_AT3_GASBOR_84r.pdb structures/EXP_TRAP11_GASBOR_56r.pdb
-0.96843198	-0.03900588	-0.24620731
-0.19936246	0.71411766	0.67103694
0.14964660	0.69893813	-0.69935069
-11.53566603	-48.36314015	9.79120427